0.0000e+00 0.0000e+00
1.0000e-03 2.0361e-117
1.1000e-03 6.6493e-106
1.2000e-03 2.6392e-96
1.3000e-03 3.5208e-88
1.4000e-03 3.2646e-81
1.5000e-03 3.5848e-75
1.6000e-03 6.9528e-70
1.7000e-03 3.2335e-65
1.8000e-03 4.5738e-61
1.9000e-03 2.3742e-57
2.0000e-03 5.2557e-54
2.1000e-03 5.6033e-51
2.2000e-03 3.1781e-48
2.3000e-03 1.0412e-45
2.4000e-03 2.1099e-43
2.5000e-03 2.8016e-41
2.6000e-03 2.5590e-39
2.7000e-03 1.6762e-37
2.8000e-03 8.1583e-36
2.9000e-03 3.0424e-34
3.0000e-03 8.9276e-33
3.1000e-03 2.1096e-31
3.2000e-03 4.0966e-30
3.3000e-03 6.6547e-29
3.4000e-03 9.1867e-28
3.5000e-03 1.0928e-26
3.6000e-03 1.1342e-25
3.7000e-03 1.0384e-24
3.8000e-03 8.4694e-24
3.9000e-03 6.2091e-23
4.0000e-03 4.1243e-22
4.1000e-03 2.5000e-21
4.2000e-03 1.3920e-20
4.3000e-03 7.1616e-20
4.4000e-03 3.4229e-19
4.5000e-03 1.5272e-18
4.6000e-03 6.3900e-18
4.7000e-03 2.5174e-17
4.8000e-03 9.3732e-17
4.9000e-03 3.3098e-16
5.0000e-03 1.1119e-15
5.1000e-03 3.5644e-15
5.2000e-03 1.0932e-14
5.3000e-03 3.2158e-14
5.4000e-03 9.0944e-14
5.5000e-03 2.4778e-13
5.6000e-03 6.5171e-13
5.7000e-03 1.6578e-12
5.8000e-03 4.0853e-12
5.9000e-03 9.7692e-12
6.0000e-03 2.2703e-11
6.1000e-03 5.1344e-11
6.2000e-03 1.1315e-10
6.3000e-03 2.4329e-10
6.4000e-03 5.1096e-10
6.5000e-03 1.0493e-09
6.6000e-03 2.1093e-09
6.7000e-03 4.1542e-09
6.8000e-03 8.0231e-09
6.9000e-03 1.5208e-08
7.0000e-03 2.8316e-08
7.1000e-03 5.1826e-08
7.2000e-03 9.3307e-08
7.3000e-03 1.6536e-07
7.4000e-03 2.8866e-07
7.5000e-03 4.9663e-07
7.6000e-03 8.4258e-07
7.7000e-03 1.4105e-06
7.8000e-03 2.3308e-06
7.9000e-03 3.8043e-06
8.0000e-03 6.1354e-06
8.1000e-03 9.7816e-06
8.2000e-03 1.5423e-05
8.3000e-03 2.4059e-05
8.4000e-03 3.7145e-05
8.5000e-03 5.6782e-05
8.6000e-03 8.5970e-05
8.7000e-03 1.2896e-04
8.8000e-03 1.9172e-04
8.9000e-03 2.8257e-04
9.0000e-03 4.1300e-04
9.1000e-03 5.9875e-04
9.2000e-03 8.6128e-04
9.3000e-03 1.2296e-03
9.4000e-03 1.7425e-03
9.5000e-03 2.4518e-03
9.6000e-03 3.4263e-03
9.7000e-03 4.7561e-03
9.8000e-03 6.5595e-03
9.9000e-03 8.9900e-03
1.0000e-02 1.2246e-02
1.0100e-02 1.6583e-02
1.0200e-02 2.2328e-02
1.0300e-02 2.9896e-02
1.0400e-02 3.9812e-02
1.0500e-02 5.2739e-02
1.0600e-02 6.9507e-02
1.0700e-02 9.1153e-02
1.0800e-02 1.1896e-01
1.0900e-02 1.5453e-01
1.1000e-02 1.9981e-01
1.1100e-02 2.5721e-01
1.1200e-02 3.2967e-01
1.1300e-02 4.2077e-01
1.1400e-02 5.3483e-01
1.1500e-02 6.7711e-01
1.1600e-02 8.5389e-01
1.1700e-02 1.0727e+00
1.1800e-02 1.3427e+00
1.1900e-02 1.6745e+00
1.2000e-02 2.0810e+00
1.2100e-02 2.5773e+00
1.2200e-02 3.1813e+00
1.2300e-02 3.9140e+00
1.2400e-02 4.8000e+00
1.2500e-02 5.8684e+00
1.2600e-02 7.1527e+00
1.2700e-02 8.6923e+00
1.2800e-02 1.0533e+01
1.2900e-02 1.2726e+01
1.3000e-02 1.5335e+01
1.3100e-02 1.8427e+01
1.3200e-02 2.2085e+01
1.3300e-02 2.6401e+01
1.3400e-02 3.1480e+01
1.3500e-02 3.7444e+01
1.3600e-02 4.4429e+01
1.3700e-02 5.2594e+01
1.3800e-02 6.2114e+01
1.3900e-02 7.3191e+01
1.4000e-02 8.6053e+01
1.4100e-02 1.0096e+02
1.4200e-02 1.1819e+02
1.4300e-02 1.3807e+02
1.4400e-02 1.6097e+02
1.4500e-02 1.8730e+02
1.4600e-02 2.1750e+02
1.4700e-02 2.5210e+02
1.4800e-02 2.9164e+02
1.4900e-02 3.3677e+02
1.5000e-02 3.8818e+02
1.5100e-02 4.4664e+02
1.5200e-02 5.1302e+02
1.5300e-02 5.8826e+02
1.5400e-02 6.7341e+02
1.5500e-02 7.6962e+02
1.5600e-02 8.7817e+02
1.5700e-02 1.0005e+03
1.5800e-02 1.1380e+03
1.5900e-02 1.2925e+03
1.6000e-02 1.4658e+03
1.6100e-02 1.6599e+03
1.6200e-02 1.8770e+03
1.6300e-02 2.1195e+03
1.6400e-02 2.3900e+03
1.6500e-02 2.6914e+03
1.6600e-02 3.0268e+03
1.6700e-02 3.3995e+03
1.6800e-02 3.8131e+03
1.6900e-02 4.2717e+03
1.7000e-02 4.7795e+03
1.7100e-02 5.3412e+03
1.7200e-02 5.9617e+03
1.7300e-02 6.6464e+03
1.7400e-02 7.4012e+03
1.7500e-02 8.2323e+03
1.7600e-02 9.1465e+03
1.7700e-02 1.0151e+04
1.7800e-02 1.1254e+04
1.7900e-02 1.2463e+04
1.8000e-02 1.3787e+04
1.8100e-02 1.5237e+04
1.8200e-02 1.6822e+04
1.8300e-02 1.8553e+04
1.8400e-02 2.0442e+04
1.8500e-02 2.2502e+04
1.8600e-02 2.4746e+04
1.8700e-02 2.7189e+04
1.8800e-02 2.9844e+04
1.8900e-02 3.2730e+04
1.9000e-02 3.5863e+04
1.9100e-02 3.9260e+04
1.9200e-02 4.2943e+04
1.9300e-02 4.6931e+04
1.9400e-02 5.1247e+04
1.9500e-02 5.5913e+04
1.9600e-02 6.0954e+04
1.9700e-02 6.6396e+04
1.9800e-02 7.2268e+04
1.9900e-02 7.8597e+04
2.0000e-02 8.5415e+04
2.0100e-02 9.2754e+04
2.0200e-02 1.0065e+05
2.0300e-02 1.0914e+05
2.0400e-02 1.1825e+05
2.0500e-02 1.2804e+05
2.0600e-02 1.3854e+05
2.0700e-02 1.4980e+05
2.0800e-02 1.6186e+05
2.0900e-02 1.7478e+05
2.1000e-02 1.8860e+05
2.1100e-02 2.0338e+05
2.1200e-02 2.1918e+05
2.1300e-02 2.3606e+05
2.1400e-02 2.5407e+05
2.1500e-02 2.7329e+05
2.1600e-02 2.9379e+05
2.1700e-02 3.1563e+05
2.1800e-02 3.3890e+05
2.1900e-02 3.6366e+05
2.2000e-02 3.9001e+05
2.2100e-02 4.1804e+05
2.2200e-02 4.4782e+05
2.2300e-02 4.7946e+05
2.2400e-02 5.1305e+05
2.2500e-02 5.4871e+05
2.2600e-02 5.8652e+05
2.2700e-02 6.2661e+05
2.2800e-02 6.6909e+05
2.2900e-02 7.1409e+05
2.3000e-02 7.6173e+05
2.3100e-02 8.1213e+05
2.3200e-02 8.6545e+05
2.3300e-02 9.2182e+05
2.3400e-02 9.8138e+05
2.3500e-02 1.0443e+06
2.3600e-02 1.1107e+06
2.3700e-02 1.1808e+06
2.3800e-02 1.2548e+06
2.3900e-02 1.3328e+06
2.4000e-02 1.4150e+06
2.4100e-02 1.5016e+06
2.4200e-02 1.5928e+06
2.4300e-02 1.6888e+06
2.4400e-02 1.7898e+06
2.4500e-02 1.8961e+06
2.4600e-02 2.0079e+06
2.4700e-02 2.1254e+06
2.4800e-02 2.2489e+06
2.4900e-02 2.3785e+06
2.5000e-02 2.5147e+06
2.5100e-02 2.6576e+06
2.5200e-02 2.8075e+06
2.5300e-02 2.9648e+06
2.5400e-02 3.1296e+06
2.5500e-02 3.3025e+06
2.5600e-02 3.4835e+06
2.5700e-02 3.6732e+06
2.5800e-02 3.8718e+06
2.5900e-02 4.0796e+06
2.6000e-02 4.2971e+06
2.6100e-02 4.5247e+06
2.6200e-02 4.7626e+06
2.6300e-02 5.0113e+06
2.6400e-02 5.2712e+06
2.6500e-02 5.5428e+06
2.6600e-02 5.8264e+06
2.6700e-02 6.1225e+06
2.6800e-02 6.4316e+06
2.6900e-02 6.7542e+06
2.7000e-02 7.0907e+06
2.7100e-02 7.4416e+06
2.7200e-02 7.8075e+06
2.7300e-02 8.1888e+06
2.7400e-02 8.5862e+06
2.7500e-02 9.0002e+06
2.7600e-02 9.4313e+06
2.7700e-02 9.8802e+06
2.7800e-02 1.0347e+07
2.7900e-02 1.0834e+07
2.8000e-02 1.1340e+07
2.8100e-02 1.1866e+07
2.8200e-02 1.2413e+07
2.8300e-02 1.2982e+07
2.8400e-02 1.3573e+07
2.8500e-02 1.4187e+07
2.8600e-02 1.4825e+07
2.8700e-02 1.5488e+07
2.8800e-02 1.6176e+07
2.8900e-02 1.6890e+07
2.9000e-02 1.7631e+07
2.9100e-02 1.8400e+07
2.9200e-02 1.9198e+07
2.9300e-02 2.0025e+07
2.9400e-02 2.0883e+07
2.9500e-02 2.1773e+07
2.9600e-02 2.2694e+07
2.9700e-02 2.3650e+07
2.9800e-02 2.4639e+07
2.9900e-02 2.5664e+07
3.0000e-02 2.6725e+07
3.0100e-02 2.7824e+07
3.0200e-02 2.8962e+07
3.0300e-02 3.0139e+07
3.0400e-02 3.1357e+07
3.0500e-02 3.2617e+07
3.0600e-02 3.3921e+07
3.0700e-02 3.5268e+07
3.0800e-02 3.6662e+07
3.0900e-02 3.8103e+07
3.1000e-02 3.9591e+07
3.1100e-02 4.1130e+07
3.1200e-02 4.2720e+07
3.1300e-02 4.4362e+07
3.1400e-02 4.6058e+07
3.1500e-02 4.7809e+07
3.1600e-02 4.9617e+07
3.1700e-02 5.1483e+07
3.1800e-02 5.3410e+07
3.1900e-02 5.5398e+07
3.2000e-02 5.7449e+07
3.2100e-02 5.9565e+07
3.2200e-02 6.1747e+07
3.2300e-02 6.3997e+07
3.2400e-02 6.6317e+07
3.2500e-02 6.8708e+07
3.2600e-02 7.1172e+07
3.2700e-02 7.3711e+07
3.2800e-02 7.6325e+07
3.2900e-02 7.9017e+07
3.3000e-02 8.1787e+07
3.3100e-02 8.4637e+07
3.3200e-02 8.7568e+07
3.3300e-02 9.0581e+07
3.3400e-02 9.3679e+07
3.3500e-02 9.6861e+07
3.3600e-02 1.0013e+08
3.3700e-02 1.0349e+08
3.3800e-02 1.0694e+08
3.3900e-02 1.1048e+08
3.4000e-02 1.1412e+08
3.4100e-02 1.1785e+08
3.4200e-02 1.2168e+08
3.4300e-02 1.2562e+08
3.4400e-02 1.2967e+08
3.4500e-02 1.3382e+08
3.4600e-02 1.3808e+08
3.4700e-02 1.4246e+08
3.4800e-02 1.4696e+08
3.4900e-02 1.5157e+08
3.5000e-02 1.5631e+08
3.5100e-02 1.6117e+08
3.5200e-02 1.6616e+08
3.5300e-02 1.7128e+08
3.5400e-02 1.7654e+08
3.5500e-02 1.8193e+08
3.5600e-02 1.8746e+08
3.5700e-02 1.9313e+08
3.5800e-02 1.9895e+08
3.5900e-02 2.0491e+08
3.6000e-02 2.1103e+08
3.6100e-02 2.1730e+08
3.6200e-02 2.2372e+08
3.6300e-02 2.3031e+08
3.6400e-02 2.3706e+08
3.6500e-02 2.4397e+08
3.6600e-02 2.5106e+08
3.6700e-02 2.5832e+08
3.6800e-02 2.6575e+08
3.6900e-02 2.7337e+08
3.7000e-02 2.8117e+08
3.7100e-02 2.8915e+08
3.7200e-02 2.9733e+08
3.7300e-02 3.0570e+08
3.7400e-02 3.1427e+08
3.7500e-02 3.2304e+08
3.7600e-02 3.3202e+08
3.7700e-02 3.4121e+08
3.7800e-02 3.5061e+08
3.7900e-02 3.6023e+08
3.8000e-02 3.7007e+08
3.8100e-02 3.8013e+08
3.8200e-02 3.9043e+08
3.8300e-02 4.0096e+08
3.8400e-02 4.1173e+08
3.8500e-02 4.2274e+08
3.8600e-02 4.3400e+08
3.8700e-02 4.4551e+08
3.8800e-02 4.5727e+08
3.8900e-02 4.6930e+08
3.9000e-02 4.8159e+08
3.9100e-02 4.9416e+08
3.9200e-02 5.0700e+08
3.9300e-02 5.2012e+08
3.9400e-02 5.3352e+08
3.9500e-02 5.4721e+08
3.9600e-02 5.6120e+08
3.9700e-02 5.7549e+08
3.9800e-02 5.9008e+08
3.9900e-02 6.0499e+08
4.0000e-02 6.2021e+08
4.0100e-02 6.3575e+08
4.0200e-02 6.5162e+08
4.0300e-02 6.6782e+08
4.0400e-02 6.8436e+08
4.0500e-02 7.0124e+08
4.0600e-02 7.1847e+08
4.0700e-02 7.3606e+08
4.0800e-02 7.5401e+08
4.0900e-02 7.7233e+08
4.1000e-02 7.9102e+08
4.1100e-02 8.1008e+08
4.1200e-02 8.2954e+08
4.1300e-02 8.4938e+08
4.1400e-02 8.6963e+08
4.1500e-02 8.9028e+08
4.1600e-02 9.1134e+08
4.1700e-02 9.3282e+08
4.1800e-02 9.5472e+08
4.1900e-02 9.7705e+08
4.2000e-02 9.9983e+08
4.2100e-02 1.0230e+09
4.2200e-02 1.0467e+09
4.2300e-02 1.0708e+09
4.2400e-02 1.0954e+09
4.2500e-02 1.1205e+09
4.2600e-02 1.1461e+09
4.2700e-02 1.1721e+09
4.2800e-02 1.1986e+09
4.2900e-02 1.2257e+09
4.3000e-02 1.2532e+09
4.3100e-02 1.2813e+09
4.3200e-02 1.3099e+09
4.3300e-02 1.3390e+09
4.3400e-02 1.3687e+09
4.3500e-02 1.3989e+09
4.3600e-02 1.4297e+09
4.3700e-02 1.4611e+09
4.3800e-02 1.4930e+09
4.3900e-02 1.5256e+09
4.4000e-02 1.5587e+09
4.4100e-02 1.5924e+09
4.4200e-02 1.6267e+09
4.4300e-02 1.6617e+09
4.4400e-02 1.6973e+09
4.4500e-02 1.7335e+09
4.4600e-02 1.7704e+09
4.4700e-02 1.8079e+09
4.4800e-02 1.8461e+09
4.4900e-02 1.8850e+09
4.5000e-02 1.9245e+09
4.5100e-02 1.9648e+09
4.5200e-02 2.0058e+09
4.5300e-02 2.0474e+09
4.5400e-02 2.0899e+09
4.5500e-02 2.1330e+09
4.5600e-02 2.1769e+09
4.5700e-02 2.2216e+09
4.5800e-02 2.2670e+09
4.5900e-02 2.3132e+09
4.6000e-02 2.3602e+09
4.6100e-02 2.4080e+09
4.6200e-02 2.4566e+09
4.6300e-02 2.5060e+09
4.6400e-02 2.5563e+09
4.6500e-02 2.6074e+09
4.6600e-02 2.6594e+09
4.6700e-02 2.7123e+09
4.6800e-02 2.7660e+09
4.6900e-02 2.8206e+09
4.7000e-02 2.8762e+09
4.7100e-02 2.9326e+09
4.7200e-02 2.9900e+09
4.7300e-02 3.0484e+09
4.7400e-02 3.1076e+09
4.7500e-02 3.1679e+09
4.7600e-02 3.2291e+09
4.7700e-02 3.2914e+09
4.7800e-02 3.3546e+09
4.7900e-02 3.4189e+09
4.8000e-02 3.4842e+09
4.8100e-02 3.5505e+09
4.8200e-02 3.6180e+09
4.8300e-02 3.6865e+09
4.8400e-02 3.7560e+09
4.8500e-02 3.8267e+09
4.8600e-02 3.8986e+09
4.8700e-02 3.9715e+09
4.8800e-02 4.0456e+09
4.8900e-02 4.1209e+09
4.9000e-02 4.1973e+09
4.9100e-02 4.2749e+09
4.9200e-02 4.3538e+09
4.9300e-02 4.4339e+09
4.9400e-02 4.5152e+09
4.9500e-02 4.5977e+09
4.9600e-02 4.6816e+09
4.9700e-02 4.7667e+09
4.9800e-02 4.8531e+09
4.9900e-02 4.9409e+09
5.0000e-02 5.0300e+09
5.0500e-02 5.4962e+09
5.1000e-02 5.9984e+09
5.1500e-02 6.5389e+09
5.2000e-02 7.1202e+09
5.2500e-02 7.7448e+09
5.3000e-02 8.4152e+09
5.3500e-02 9.1344e+09
5.4000e-02 9.9052e+09
5.4500e-02 1.0731e+10
5.5000e-02 1.1614e+10
5.5500e-02 1.2559e+10
5.6000e-02 1.3568e+10
5.6500e-02 1.4646e+10
5.7000e-02 1.5797e+10
5.7500e-02 1.7024e+10
5.8000e-02 1.8332e+10
5.8500e-02 1.9725e+10
5.9000e-02 2.1208e+10
5.9500e-02 2.2786e+10
6.0000e-02 2.4465e+10
6.0500e-02 2.6249e+10
6.1000e-02 2.8145e+10
6.1500e-02 3.0157e+10
6.2000e-02 3.2294e+10
6.2500e-02 3.4560e+10
6.3000e-02 3.6963e+10
6.3500e-02 3.9511e+10
6.4000e-02 4.2210e+10
6.4500e-02 4.5068e+10
6.5000e-02 4.8095e+10
6.5500e-02 5.1297e+10
6.6000e-02 5.4685e+10
6.6500e-02 5.8268e+10
6.7000e-02 6.2056e+10
6.7500e-02 6.6058e+10
6.8000e-02 7.0287e+10
6.8500e-02 7.4753e+10
6.9000e-02 7.9469e+10
6.9500e-02 8.4446e+10
7.0000e-02 8.9698e+10
7.0500e-02 9.5238e+10
7.1000e-02 1.0108e+11
7.1500e-02 1.0724e+11
7.2000e-02 1.1374e+11
7.2500e-02 1.2058e+11
7.3000e-02 1.2779e+11
7.3500e-02 1.3539e+11
7.4000e-02 1.4338e+11
7.4500e-02 1.5181e+11
7.5000e-02 1.6067e+11
7.5500e-02 1.7001e+11
7.6000e-02 1.7983e+11
7.6500e-02 1.9016e+11
7.7000e-02 2.0103e+11
7.7500e-02 2.1246e+11
7.8000e-02 2.2448e+11
7.8500e-02 2.3712e+11
7.9000e-02 2.5040e+11
7.9500e-02 2.6437e+11
8.0000e-02 2.7905e+11
8.0500e-02 2.9447e+11
8.1000e-02 3.1068e+11
8.1500e-02 3.2770e+11
8.2000e-02 3.4558e+11
8.2500e-02 3.6437e+11
8.3000e-02 3.8409e+11
8.3500e-02 4.0480e+11
8.4000e-02 4.2655e+11
8.4500e-02 4.4938e+11
8.5000e-02 4.7335e+11
8.5500e-02 4.9851e+11
8.6000e-02 5.2492e+11
8.6500e-02 5.5263e+11
8.7000e-02 5.8172e+11
8.7500e-02 6.1224e+11
8.8000e-02 6.4426e+11
8.8500e-02 6.7786e+11
8.9000e-02 7.1311e+11
8.9500e-02 7.5008e+11
9.0000e-02 7.8887e+11
9.0500e-02 8.2956e+11
9.1000e-02 8.7224e+11
9.1500e-02 9.1700e+11
9.2000e-02 9.6395e+11
9.2500e-02 1.0132e+12
9.3000e-02 1.0648e+12
9.3500e-02 1.1190e+12
9.4000e-02 1.1757e+12
9.4500e-02 1.2353e+12
9.5000e-02 1.2977e+12
9.5500e-02 1.3632e+12
9.6000e-02 1.4318e+12
9.6500e-02 1.5038e+12
9.7000e-02 1.5792e+12
9.7500e-02 1.6583e+12
9.8000e-02 1.7412e+12
9.8500e-02 1.8282e+12
9.9000e-02 1.9193e+12
9.9500e-02 2.0149e+12
1.0000e-01 2.1151e+12
1.0050e-01 2.2201e+12
1.0100e-01 2.3302e+12
1.0150e-01 2.4456e+12
1.0200e-01 2.5666e+12
1.0250e-01 2.6934e+12
1.0300e-01 2.8264e+12
1.0350e-01 2.9658e+12
1.0400e-01 3.1119e+12
1.0450e-01 3.2651e+12
1.0500e-01 3.4257e+12
1.0550e-01 3.5940e+12
1.0600e-01 3.7704e+12
1.0650e-01 3.9554e+12
1.0700e-01 4.1493e+12
1.0750e-01 4.3526e+12
1.0800e-01 4.5657e+12
1.0850e-01 4.7890e+12
1.0900e-01 5.0232e+12
1.0950e-01 5.2687e+12
1.1000e-01 5.5260e+12
1.1050e-01 5.7958e+12
1.1100e-01 6.0786e+12
1.1150e-01 6.3751e+12
1.1200e-01 6.6859e+12
1.1250e-01 7.0118e+12
1.1300e-01 7.3534e+12
1.1350e-01 7.7115e+12
1.1400e-01 8.0869e+12
1.1450e-01 8.4804e+12
1.1500e-01 8.8930e+12
1.1550e-01 9.3256e+12
1.1600e-01 9.7791e+12
1.1650e-01 1.0254e+13
1.1700e-01 1.0753e+13
1.1750e-01 1.1275e+13
1.1800e-01 1.1823e+13
1.1850e-01 1.2398e+13
1.1900e-01 1.3000e+13
1.1950e-01 1.3631e+13
1.2000e-01 1.4293e+13
1.2050e-01 1.4986e+13
1.2100e-01 1.5714e+13
1.2150e-01 1.6476e+13
1.2200e-01 1.7276e+13
1.2250e-01 1.8114e+13
1.2300e-01 1.8993e+13
1.2350e-01 1.9914e+13
1.2400e-01 2.0880e+13
1.2450e-01 2.1892e+13
1.2500e-01 2.2954e+13
1.2550e-01 2.4067e+13
1.2600e-01 2.5234e+13
1.2650e-01 2.6457e+13
1.2700e-01 2.7740e+13
1.2750e-01 2.9085e+13
1.2800e-01 3.0495e+13
1.2850e-01 3.1973e+13
1.2900e-01 3.3523e+13
1.2950e-01 3.5148e+13
1.3000e-01 3.6852e+13
1.3050e-01 3.8639e+13
1.3100e-01 4.0512e+13
1.3150e-01 4.2477e+13
1.3200e-01 4.4537e+13
1.3250e-01 4.6697e+13
1.3300e-01 4.8963e+13
1.3350e-01 5.1340e+13
1.3400e-01 5.3832e+13
1.3450e-01 5.6447e+13
1.3500e-01 5.9190e+13
1.3550e-01 6.2068e+13
1.3600e-01 6.5087e+13
1.3650e-01 6.8255e+13
1.3700e-01 7.1580e+13
1.3750e-01 7.5070e+13
1.3800e-01 7.8733e+13
1.3850e-01 8.2579e+13
1.3900e-01 8.6617e+13
1.3950e-01 9.0857e+13
1.4000e-01 9.5311e+13
1.4050e-01 9.9989e+13
1.4100e-01 1.0490e+14
1.4150e-01 1.1007e+14
1.4200e-01 1.1550e+14
1.4250e-01 1.2120e+14
1.4300e-01 1.2720e+14
1.4350e-01 1.3350e+14
1.4400e-01 1.4012e+14
1.4450e-01 1.4709e+14
1.4500e-01 1.5441e+14
1.4550e-01 1.6211e+14
1.4600e-01 1.7021e+14
1.4650e-01 1.7871e+14
1.4700e-01 1.8765e+14
1.4750e-01 1.9704e+14
1.4800e-01 2.0689e+14
1.4850e-01 2.1724e+14
1.4900e-01 2.2809e+14
1.4950e-01 2.3947e+14
1.5000e-01 2.5139e+14
1.5050e-01 2.6387e+14
1.5100e-01 2.7693e+14
1.5150e-01 2.9057e+14
1.5200e-01 3.0482e+14
1.5250e-01 3.1968e+14
1.5300e-01 3.3517e+14
1.5350e-01 3.5130e+14
1.5400e-01 3.6806e+14
1.5450e-01 3.8549e+14
1.5500e-01 4.0356e+14
1.5550e-01 4.2231e+14
1.5600e-01 4.4173e+14
1.5650e-01 4.6182e+14
1.5700e-01 4.8260e+14
1.5750e-01 5.0406e+14
1.5800e-01 5.2622e+14
1.5850e-01 5.4908e+14
1.5900e-01 5.7266e+14
1.5950e-01 5.9695e+14
1.6000e-01 6.2196e+14
1.6050e-01 6.4771e+14
1.6100e-01 6.7421e+14
1.6150e-01 7.0147e+14
1.6200e-01 7.2950e+14
1.6250e-01 7.5831e+14
1.6300e-01 7.8792e+14
1.6350e-01 8.1834e+14
1.6400e-01 8.4959e+14
1.6450e-01 8.8168e+14
1.6500e-01 9.1463e+14
1.6550e-01 9.4846e+14
1.6600e-01 9.8318e+14
1.6650e-01 1.0188e+15
1.6700e-01 1.0554e+15
1.6750e-01 1.0929e+15
1.6800e-01 1.1313e+15
1.6850e-01 1.1708e+15
1.6900e-01 1.2113e+15
1.6950e-01 1.2527e+15
1.7000e-01 1.2953e+15
1.7050e-01 1.3388e+15
1.7100e-01 1.3835e+15
1.7150e-01 1.4292e+15
1.7200e-01 1.4761e+15
1.7250e-01 1.5241e+15
1.7300e-01 1.5733e+15
1.7350e-01 1.6236e+15
1.7400e-01 1.6751e+15
1.7450e-01 1.7279e+15
1.7500e-01 1.7818e+15
1.7550e-01 1.8371e+15
1.7600e-01 1.8936e+15
1.7650e-01 1.9514e+15
1.7700e-01 2.0105e+15
1.7750e-01 2.0710e+15
1.7800e-01 2.1328e+15
1.7850e-01 2.1960e+15
1.7900e-01 2.2606e+15
1.7950e-01 2.3266e+15
1.8000e-01 2.3941e+15
1.8050e-01 2.4630e+15
1.8100e-01 2.5334e+15
1.8150e-01 2.6053e+15
1.8200e-01 2.6788e+15
1.8250e-01 2.7538e+15
1.8300e-01 2.8303e+15
1.8350e-01 2.9085e+15
1.8400e-01 2.9883e+15
1.8450e-01 3.0698e+15
1.8500e-01 3.1529e+15
1.8550e-01 3.2377e+15
1.8600e-01 3.3242e+15
1.8650e-01 3.4125e+15
1.8700e-01 3.5025e+15
1.8750e-01 3.5944e+15
1.8800e-01 3.6880e+15
1.8850e-01 3.7835e+15
1.8900e-01 3.8809e+15
1.8950e-01 3.9801e+15
1.9000e-01 4.0813e+15
1.9050e-01 4.1844e+15
1.9100e-01 4.2895e+15
1.9150e-01 4.3966e+15
1.9200e-01 4.5057e+15
1.9250e-01 4.6169e+15
1.9300e-01 4.7302e+15
1.9350e-01 4.8456e+15
1.9400e-01 4.9631e+15
1.9450e-01 5.0828e+15
1.9500e-01 5.2047e+15
1.9550e-01 5.3288e+15
1.9600e-01 5.4552e+15
1.9650e-01 5.5839e+15
1.9700e-01 5.7149e+15
1.9750e-01 5.8482e+15
1.9800e-01 5.9840e+15
1.9850e-01 6.1221e+15
1.9900e-01 6.2627e+15
1.9950e-01 6.4058e+15
2.0000e-01 6.5514e+15
2.0050e-01 6.6995e+15
2.0100e-01 6.8502e+15
2.0150e-01 7.0035e+15
2.0200e-01 7.1595e+15
2.0250e-01 7.3181e+15
2.0300e-01 7.4795e+15
2.0350e-01 7.6436e+15
2.0400e-01 7.8105e+15
2.0450e-01 7.9802e+15
2.0500e-01 8.1527e+15
2.0550e-01 8.3282e+15
2.0600e-01 8.5065e+15
2.0650e-01 8.6879e+15
2.0700e-01 8.8722e+15
2.0750e-01 9.0595e+15
2.0800e-01 9.2500e+15
2.0850e-01 9.4435e+15
2.0900e-01 9.6402e+15
2.0950e-01 9.8401e+15
2.1000e-01 1.0043e+16
2.1050e-01 1.0250e+16
2.1100e-01 1.0459e+16
2.1150e-01 1.0672e+16
2.1200e-01 1.0889e+16
2.1250e-01 1.1108e+16
2.1300e-01 1.1332e+16
2.1350e-01 1.1559e+16
2.1400e-01 1.1789e+16
2.1450e-01 1.2023e+16
2.1500e-01 1.2260e+16
2.1550e-01 1.2502e+16
2.1600e-01 1.2747e+16
2.1650e-01 1.2995e+16
2.1700e-01 1.3248e+16
2.1750e-01 1.3504e+16
2.1800e-01 1.3765e+16
2.1850e-01 1.4029e+16
2.1900e-01 1.4297e+16
2.1950e-01 1.4569e+16
2.2000e-01 1.4846e+16
2.2050e-01 1.5126e+16
2.2100e-01 1.5411e+16
2.2150e-01 1.5699e+16
2.2200e-01 1.5992e+16
2.2250e-01 1.6290e+16
2.2300e-01 1.6592e+16
2.2350e-01 1.6898e+16
2.2400e-01 1.7208e+16
2.2450e-01 1.7523e+16
2.2500e-01 1.7843e+16
2.2550e-01 1.8167e+16
2.2600e-01 1.8496e+16
2.2650e-01 1.8830e+16
2.2700e-01 1.9168e+16
2.2750e-01 1.9511e+16
2.2800e-01 1.9859e+16
2.2850e-01 2.0212e+16
2.2900e-01 2.0570e+16
2.2950e-01 2.0932e+16
2.3000e-01 2.1300e+16
2.3050e-01 2.1673e+16
2.3100e-01 2.2051e+16
2.3150e-01 2.2435e+16
2.3200e-01 2.2823e+16
2.3250e-01 2.3217e+16
2.3300e-01 2.3617e+16
2.3350e-01 2.4022e+16
2.3400e-01 2.4432e+16
2.3450e-01 2.4848e+16
2.3500e-01 2.5269e+16
2.3550e-01 2.5696e+16
2.3600e-01 2.6129e+16
2.3650e-01 2.6568e+16
2.3700e-01 2.7012e+16
2.3750e-01 2.7463e+16
2.3800e-01 2.7919e+16
2.3850e-01 2.8381e+16
2.3900e-01 2.8849e+16
2.3950e-01 2.9324e+16
2.4000e-01 2.9805e+16
2.4050e-01 3.0292e+16
2.4100e-01 3.0785e+16
2.4150e-01 3.1284e+16
2.4200e-01 3.1791e+16
2.4250e-01 3.2303e+16
2.4300e-01 3.2822e+16
2.4350e-01 3.3348e+16
2.4400e-01 3.3880e+16
2.4450e-01 3.4420e+16
2.4500e-01 3.4966e+16
2.4550e-01 3.5519e+16
2.4600e-01 3.6078e+16
2.4650e-01 3.6645e+16
2.4700e-01 3.7219e+16
2.4750e-01 3.7800e+16
2.4800e-01 3.8389e+16
2.4850e-01 3.8984e+16
2.4900e-01 3.9587e+16
2.4950e-01 4.0197e+16
2.5000e-01 4.0815e+16
2.5050e-01 4.1440e+16
2.5100e-01 4.2073e+16
2.5150e-01 4.2714e+16
2.5200e-01 4.3362e+16
2.5250e-01 4.4019e+16
2.5300e-01 4.4683e+16
2.5350e-01 4.5355e+16
2.5400e-01 4.6035e+16
2.5450e-01 4.6723e+16
2.5500e-01 4.7420e+16
2.5550e-01 4.8125e+16
2.5600e-01 4.8838e+16
2.5650e-01 4.9559e+16
2.5700e-01 5.0289e+16
2.5750e-01 5.1028e+16
2.5800e-01 5.1775e+16
2.5850e-01 5.2531e+16
2.5900e-01 5.3295e+16
2.5950e-01 5.4069e+16
2.6000e-01 5.4851e+16
2.6050e-01 5.5643e+16
2.6100e-01 5.6443e+16
2.6150e-01 5.7253e+16
2.6200e-01 5.8072e+16
2.6250e-01 5.8900e+16
2.6300e-01 5.9738e+16
2.6350e-01 6.0585e+16
2.6400e-01 6.1442e+16
2.6450e-01 6.2309e+16
2.6500e-01 6.3185e+16
2.6550e-01 6.4071e+16
2.6600e-01 6.4967e+16
2.6650e-01 6.5873e+16
2.6700e-01 6.6789e+16
2.6750e-01 6.7715e+16
2.6800e-01 6.8651e+16
2.6850e-01 6.9598e+16
2.6900e-01 7.0555e+16
2.6950e-01 7.1523e+16
2.7000e-01 7.2501e+16
2.7050e-01 7.3490e+16
2.7100e-01 7.4489e+16
2.7150e-01 7.5500e+16
2.7200e-01 7.6521e+16
2.7250e-01 7.7554e+16
2.7300e-01 7.8597e+16
2.7350e-01 7.9652e+16
2.7400e-01 8.0718e+16
2.7450e-01 8.1795e+16
2.7500e-01 8.2884e+16
2.7550e-01 8.3985e+16
2.7600e-01 8.5097e+16
2.7650e-01 8.6221e+16
2.7700e-01 8.7357e+16
2.7750e-01 8.8504e+16
2.7800e-01 8.9664e+16
2.7850e-01 9.0836e+16
2.7900e-01 9.2020e+16
2.7950e-01 9.3217e+16
2.8000e-01 9.4425e+16
2.8050e-01 9.5647e+16
2.8100e-01 9.6881e+16
2.8150e-01 9.8128e+16
2.8200e-01 9.9387e+16
2.8250e-01 1.0066e+17
2.8300e-01 1.0195e+17
2.8350e-01 1.0324e+17
2.8400e-01 1.0456e+17
2.8450e-01 1.0588e+17
2.8500e-01 1.0722e+17
2.8550e-01 1.0857e+17
2.8600e-01 1.0994e+17
2.8650e-01 1.1132e+17
2.8700e-01 1.1271e+17
2.8750e-01 1.1412e+17
2.8800e-01 1.1554e+17
2.8850e-01 1.1697e+17
2.8900e-01 1.1842e+17
2.8950e-01 1.1989e+17
2.9000e-01 1.2137e+17
2.9050e-01 1.2286e+17
2.9100e-01 1.2437e+17
2.9150e-01 1.2589e+17
2.9200e-01 1.2743e+17
2.9250e-01 1.2898e+17
2.9300e-01 1.3055e+17
2.9350e-01 1.3213e+17
2.9400e-01 1.3373e+17
2.9450e-01 1.3534e+17
2.9500e-01 1.3697e+17
2.9550e-01 1.3862e+17
2.9600e-01 1.4028e+17
2.9650e-01 1.4195e+17
2.9700e-01 1.4365e+17
2.9750e-01 1.4536e+17
2.9800e-01 1.4708e+17
2.9850e-01 1.4882e+17
2.9900e-01 1.5058e+17
2.9950e-01 1.5236e+17
3.0000e-01 1.5415e+17
3.0050e-01 1.5596e+17
3.0100e-01 1.5778e+17
3.0150e-01 1.5963e+17
3.0200e-01 1.6149e+17
3.0250e-01 1.6336e+17
3.0300e-01 1.6526e+17
3.0350e-01 1.6717e+17
3.0400e-01 1.6910e+17
3.0450e-01 1.7105e+17
3.0500e-01 1.7301e+17
3.0550e-01 1.7500e+17
3.0600e-01 1.7700e+17
3.0650e-01 1.7902e+17
3.0700e-01 1.8106e+17
3.0750e-01 1.8312e+17
3.0800e-01 1.8520e+17
3.0850e-01 1.8729e+17
3.0900e-01 1.8941e+17
3.0950e-01 1.9154e+17
3.1000e-01 1.9369e+17
3.1050e-01 1.9587e+17
3.1100e-01 1.9806e+17
3.1150e-01 2.0027e+17
3.1200e-01 2.0250e+17
3.1250e-01 2.0475e+17
3.1300e-01 2.0703e+17
3.1350e-01 2.0932e+17
3.1400e-01 2.1163e+17
3.1450e-01 2.1396e+17
3.1500e-01 2.1632e+17
3.1550e-01 2.1869e+17
3.1600e-01 2.2109e+17
3.1650e-01 2.2350e+17
3.1700e-01 2.2594e+17
3.1750e-01 2.2840e+17
3.1800e-01 2.3088e+17
3.1850e-01 2.3338e+17
3.1900e-01 2.3591e+17
3.1950e-01 2.3845e+17
3.2000e-01 2.4102e+17
3.2050e-01 2.4361e+17
3.2100e-01 2.4622e+17
3.2150e-01 2.4886e+17
3.2200e-01 2.5152e+17
3.2250e-01 2.5420e+17
3.2300e-01 2.5690e+17
3.2350e-01 2.5963e+17
3.2400e-01 2.6238e+17
3.2450e-01 2.6515e+17
3.2500e-01 2.6795e+17
3.2550e-01 2.7077e+17
3.2600e-01 2.7361e+17
3.2650e-01 2.7648e+17
3.2700e-01 2.7938e+17
3.2750e-01 2.8229e+17
3.2800e-01 2.8523e+17
3.2850e-01 2.8820e+17
3.2900e-01 2.9119e+17
3.2950e-01 2.9421e+17
3.3000e-01 2.9725e+17
3.3050e-01 3.0032e+17
3.3100e-01 3.0341e+17
3.3150e-01 3.0653e+17
3.3200e-01 3.0967e+17
3.3250e-01 3.1284e+17
3.3300e-01 3.1604e+17
3.3350e-01 3.1926e+17
3.3400e-01 3.2251e+17
3.3450e-01 3.2579e+17
3.3500e-01 3.2909e+17
3.3550e-01 3.3242e+17
3.3600e-01 3.3578e+17
3.3650e-01 3.3916e+17
3.3700e-01 3.4257e+17
3.3750e-01 3.4601e+17
3.3800e-01 3.4948e+17
3.3850e-01 3.5298e+17
3.3900e-01 3.5650e+17
3.3950e-01 3.6005e+17
3.4000e-01 3.6363e+17
3.4050e-01 3.6724e+17
3.4100e-01 3.7088e+17
3.4150e-01 3.7455e+17
3.4200e-01 3.7824e+17
3.4250e-01 3.8197e+17
3.4300e-01 3.8572e+17
3.4350e-01 3.8951e+17
3.4400e-01 3.9333e+17
3.4450e-01 3.9717e+17
3.4500e-01 4.0105e+17
3.4550e-01 4.0495e+17
3.4600e-01 4.0889e+17
3.4650e-01 4.1286e+17
3.4700e-01 4.1686e+17
3.4750e-01 4.2089e+17
3.4800e-01 4.2495e+17
3.4850e-01 4.2905e+17
3.4900e-01 4.3317e+17
3.4950e-01 4.3733e+17
3.5000e-01 4.4152e+17
3.5050e-01 4.4574e+17
3.5100e-01 4.5000e+17
3.5150e-01 4.5429e+17
3.5200e-01 4.5861e+17
3.5250e-01 4.6296e+17
3.5300e-01 4.6735e+17
3.5350e-01 4.7177e+17
3.5400e-01 4.7623e+17
3.5450e-01 4.8072e+17
3.5500e-01 4.8524e+17
3.5550e-01 4.8980e+17
3.5600e-01 4.9440e+17
3.5650e-01 4.9902e+17
3.5700e-01 5.0369e+17
3.5750e-01 5.0839e+17
3.5800e-01 5.1312e+17
3.5850e-01 5.1789e+17
3.5900e-01 5.2270e+17
3.5950e-01 5.2754e+17
3.6000e-01 5.3242e+17
3.6050e-01 5.3733e+17
3.6100e-01 5.4228e+17
3.6150e-01 5.4727e+17
3.6200e-01 5.5230e+17
3.6250e-01 5.5736e+17
3.6300e-01 5.6246e+17
3.6350e-01 5.6760e+17
3.6400e-01 5.7278e+17
3.6450e-01 5.7799e+17
3.6500e-01 5.8324e+17
3.6550e-01 5.8854e+17
3.6600e-01 5.9387e+17
3.6650e-01 5.9924e+17
3.6700e-01 6.0465e+17
3.6750e-01 6.1010e+17
3.6800e-01 6.1559e+17
3.6850e-01 6.2112e+17
3.6900e-01 6.2669e+17
3.6950e-01 6.3230e+17
3.7000e-01 6.3795e+17
3.7050e-01 6.4364e+17
3.7100e-01 6.4937e+17
3.7150e-01 6.5515e+17
3.7200e-01 6.6096e+17
3.7250e-01 6.6682e+17
3.7300e-01 6.7272e+17
3.7350e-01 6.7867e+17
3.7400e-01 6.8465e+17
3.7450e-01 6.9068e+17
3.7500e-01 6.9675e+17
3.7550e-01 7.0287e+17
3.7600e-01 7.0903e+17
3.7650e-01 7.1523e+17
3.7700e-01 7.2148e+17
3.7750e-01 7.2777e+17
3.7800e-01 7.3410e+17
3.7850e-01 7.4048e+17
3.7900e-01 7.4691e+17
3.7950e-01 7.5338e+17
3.8000e-01 7.5990e+17
3.8050e-01 7.6646e+17
3.8100e-01 7.7307e+17
3.8150e-01 7.7972e+17
3.8200e-01 7.8642e+17
3.8250e-01 7.9317e+17
3.8300e-01 7.9997e+17
3.8350e-01 8.0681e+17
3.8400e-01 8.1370e+17
3.8450e-01 8.2064e+17
3.8500e-01 8.2763e+17
3.8550e-01 8.3466e+17
3.8600e-01 8.4174e+17
3.8650e-01 8.4888e+17
3.8700e-01 8.5606e+17
3.8750e-01 8.6329e+17
3.8800e-01 8.7057e+17
3.8850e-01 8.7790e+17
3.8900e-01 8.8528e+17
3.8950e-01 8.9272e+17
3.9000e-01 9.0020e+17
3.9050e-01 9.0773e+17
3.9100e-01 9.1532e+17
3.9150e-01 9.2296e+17
3.9200e-01 9.3064e+17
3.9250e-01 9.3839e+17
3.9300e-01 9.4618e+17
3.9350e-01 9.5403e+17
3.9400e-01 9.6192e+17
3.9450e-01 9.6988e+17
3.9500e-01 9.7788e+17
3.9550e-01 9.8594e+17
3.9600e-01 9.9406e+17
3.9650e-01 1.0022e+18
3.9700e-01 1.0105e+18
3.9750e-01 1.0187e+18
3.9800e-01 1.0271e+18
3.9850e-01 1.0355e+18
3.9900e-01 1.0439e+18
3.9950e-01 1.0524e+18
4.0000e-01 1.0610e+18
4.0050e-01 1.0696e+18
4.0100e-01 1.0782e+18
4.0150e-01 1.0870e+18
4.0200e-01 1.0958e+18
4.0250e-01 1.1046e+18
4.0300e-01 1.1135e+18
4.0350e-01 1.1225e+18
4.0400e-01 1.1315e+18
4.0450e-01 1.1406e+18
4.0500e-01 1.1497e+18
4.0550e-01 1.1589e+18
4.0600e-01 1.1682e+18
4.0650e-01 1.1775e+18
4.0700e-01 1.1869e+18
4.0750e-01 1.1963e+18
4.0800e-01 1.2058e+18
4.0850e-01 1.2154e+18
4.0900e-01 1.2250e+18
4.0950e-01 1.2347e+18
4.1000e-01 1.2445e+18
4.1050e-01 1.2543e+18
4.1100e-01 1.2641e+18
4.1150e-01 1.2741e+18
4.1200e-01 1.2841e+18
4.1250e-01 1.2942e+18
4.1300e-01 1.3043e+18
4.1350e-01 1.3145e+18
4.1400e-01 1.3248e+18
4.1450e-01 1.3351e+18
4.1500e-01 1.3455e+18
4.1550e-01 1.3560e+18
4.1600e-01 1.3665e+18
4.1650e-01 1.3771e+18
4.1700e-01 1.3877e+18
4.1750e-01 1.3985e+18
4.1800e-01 1.4093e+18
4.1850e-01 1.4201e+18
4.1900e-01 1.4311e+18
4.1950e-01 1.4421e+18
4.2000e-01 1.4531e+18
4.2050e-01 1.4643e+18
4.2100e-01 1.4755e+18
4.2150e-01 1.4868e+18
4.2200e-01 1.4981e+18
4.2250e-01 1.5096e+18
4.2300e-01 1.5211e+18
4.2350e-01 1.5326e+18
4.2400e-01 1.5443e+18
4.2450e-01 1.5560e+18
4.2500e-01 1.5678e+18
4.2550e-01 1.5796e+18
4.2600e-01 1.5915e+18
4.2650e-01 1.6036e+18
4.2700e-01 1.6156e+18
4.2750e-01 1.6278e+18
4.2800e-01 1.6400e+18
4.2850e-01 1.6523e+18
4.2900e-01 1.6647e+18
4.2950e-01 1.6772e+18
4.3000e-01 1.6897e+18
4.3050e-01 1.7023e+18
4.3100e-01 1.7150e+18
4.3150e-01 1.7277e+18
4.3200e-01 1.7406e+18
4.3250e-01 1.7535e+18
4.3300e-01 1.7665e+18
4.3350e-01 1.7796e+18
4.3400e-01 1.7927e+18
4.3450e-01 1.8060e+18
4.3500e-01 1.8193e+18
4.3550e-01 1.8327e+18
4.3600e-01 1.8462e+18
4.3650e-01 1.8597e+18
4.3700e-01 1.8734e+18
4.3750e-01 1.8871e+18
4.3800e-01 1.9009e+18
4.3850e-01 1.9148e+18
4.3900e-01 1.9287e+18
4.3950e-01 1.9428e+18
4.4000e-01 1.9569e+18
4.4050e-01 1.9712e+18
4.4100e-01 1.9855e+18
4.4150e-01 1.9999e+18
4.4200e-01 2.0143e+18
4.4250e-01 2.0289e+18
4.4300e-01 2.0436e+18
4.4350e-01 2.0583e+18
4.4400e-01 2.0731e+18
4.4450e-01 2.0880e+18
4.4500e-01 2.1030e+18
4.4550e-01 2.1181e+18
4.4600e-01 2.1333e+18
4.4650e-01 2.1486e+18
4.4700e-01 2.1639e+18
4.4750e-01 2.1794e+18
4.4800e-01 2.1949e+18
4.4850e-01 2.2105e+18
4.4900e-01 2.2263e+18
4.4950e-01 2.2421e+18
4.5000e-01 2.2580e+18
4.5050e-01 2.2740e+18
4.5100e-01 2.2901e+18
4.5150e-01 2.3062e+18
4.5200e-01 2.3225e+18
4.5250e-01 2.3389e+18
4.5300e-01 2.3554e+18
4.5350e-01 2.3719e+18
4.5400e-01 2.3886e+18
4.5450e-01 2.4053e+18
4.5500e-01 2.4222e+18
4.5550e-01 2.4391e+18
4.5600e-01 2.4562e+18
4.5650e-01 2.4733e+18
4.5700e-01 2.4906e+18
4.5750e-01 2.5079e+18
4.5800e-01 2.5253e+18
4.5850e-01 2.5429e+18
4.5900e-01 2.5605e+18
4.5950e-01 2.5783e+18
4.6000e-01 2.5961e+18
4.6050e-01 2.6140e+18
4.6100e-01 2.6321e+18
4.6150e-01 2.6502e+18
4.6200e-01 2.6685e+18
4.6250e-01 2.6868e+18
4.6300e-01 2.7053e+18
4.6350e-01 2.7239e+18
4.6400e-01 2.7425e+18
4.6450e-01 2.7613e+18
4.6500e-01 2.7802e+18
4.6550e-01 2.7991e+18
4.6600e-01 2.8182e+18
4.6650e-01 2.8374e+18
4.6700e-01 2.8567e+18
4.6750e-01 2.8761e+18
4.6800e-01 2.8957e+18
4.6850e-01 2.9153e+18
4.6900e-01 2.9350e+18
4.6950e-01 2.9549e+18
4.7000e-01 2.9748e+18
4.7050e-01 2.9949e+18
4.7100e-01 3.0151e+18
4.7150e-01 3.0354e+18
4.7200e-01 3.0558e+18
4.7250e-01 3.0763e+18
4.7300e-01 3.0969e+18
4.7350e-01 3.1177e+18
4.7400e-01 3.1385e+18
4.7450e-01 3.1595e+18
4.7500e-01 3.1806e+18
4.7550e-01 3.2018e+18
4.7600e-01 3.2231e+18
4.7650e-01 3.2446e+18
4.7700e-01 3.2661e+18
4.7750e-01 3.2878e+18
4.7800e-01 3.3096e+18
4.7850e-01 3.3315e+18
4.7900e-01 3.3536e+18
4.7950e-01 3.3757e+18
4.8000e-01 3.3980e+18
4.8050e-01 3.4204e+18
4.8100e-01 3.4429e+18
4.8150e-01 3.4655e+18
4.8200e-01 3.4883e+18
4.8250e-01 3.5112e+18
4.8300e-01 3.5342e+18
4.8350e-01 3.5573e+18
4.8400e-01 3.5806e+18
4.8450e-01 3.6039e+18
4.8500e-01 3.6275e+18
4.8550e-01 3.6511e+18
4.8600e-01 3.6748e+18
4.8650e-01 3.6987e+18
4.8700e-01 3.7228e+18
4.8750e-01 3.7469e+18
4.8800e-01 3.7712e+18
4.8850e-01 3.7956e+18
4.8900e-01 3.8201e+18
4.8950e-01 3.8448e+18
4.9000e-01 3.8696e+18
4.9050e-01 3.8945e+18
4.9100e-01 3.9195e+18
4.9150e-01 3.9447e+18
4.9200e-01 3.9701e+18
4.9250e-01 3.9955e+18
4.9300e-01 4.0211e+18
4.9350e-01 4.0468e+18
4.9400e-01 4.0727e+18
4.9450e-01 4.0987e+18
4.9500e-01 4.1249e+18
4.9550e-01 4.1511e+18
4.9600e-01 4.1775e+18
4.9650e-01 4.2041e+18
4.9700e-01 4.2308e+18
4.9750e-01 4.2576e+18
4.9800e-01 4.2846e+18
4.9850e-01 4.3117e+18
4.9900e-01 4.3390e+18
4.9950e-01 4.3664e+18
5.0000e-01 4.3939e+18
5.0050e-01 4.4216e+18
5.0100e-01 4.4494e+18
5.0150e-01 4.4774e+18
5.0200e-01 4.5055e+18
5.0250e-01 4.5337e+18
5.0300e-01 4.5622e+18
5.0350e-01 4.5907e+18
5.0400e-01 4.6194e+18
5.0450e-01 4.6483e+18
5.0500e-01 4.6773e+18
5.0550e-01 4.7064e+18
5.0600e-01 4.7357e+18
5.0650e-01 4.7652e+18
5.0700e-01 4.7948e+18
5.0750e-01 4.8245e+18
5.0800e-01 4.8544e+18
5.0850e-01 4.8845e+18
5.0900e-01 4.9147e+18
5.0950e-01 4.9450e+18
5.1000e-01 4.9756e+18
5.1050e-01 5.0062e+18
5.1100e-01 5.0371e+18
5.1150e-01 5.0680e+18
5.1200e-01 5.0992e+18
5.1250e-01 5.1305e+18
5.1300e-01 5.1620e+18
5.1350e-01 5.1936e+18
5.1400e-01 5.2254e+18
5.1450e-01 5.2573e+18
5.1500e-01 5.2894e+18
5.1550e-01 5.3217e+18
5.1600e-01 5.3541e+18
5.1650e-01 5.3867e+18
5.1700e-01 5.4194e+18
5.1750e-01 5.4524e+18
5.1800e-01 5.4854e+18
5.1850e-01 5.5187e+18
5.1900e-01 5.5521e+18
5.1950e-01 5.5857e+18
5.2000e-01 5.6194e+18
5.2050e-01 5.6534e+18
5.2100e-01 5.6874e+18
5.2150e-01 5.7217e+18
5.2200e-01 5.7561e+18
5.2250e-01 5.7907e+18
5.2300e-01 5.8255e+18
5.2350e-01 5.8604e+18
5.2400e-01 5.8956e+18
5.2450e-01 5.9309e+18
5.2500e-01 5.9663e+18
5.2550e-01 6.0020e+18
5.2600e-01 6.0378e+18
5.2650e-01 6.0738e+18
5.2700e-01 6.1099e+18
5.2750e-01 6.1463e+18
5.2800e-01 6.1828e+18
5.2850e-01 6.2195e+18
5.2900e-01 6.2564e+18
5.2950e-01 6.2935e+18
5.3000e-01 6.3307e+18
5.3050e-01 6.3682e+18
5.3100e-01 6.4058e+18
5.3150e-01 6.4436e+18
5.3200e-01 6.4816e+18
5.3250e-01 6.5197e+18
5.3300e-01 6.5581e+18
5.3350e-01 6.5966e+18
5.3400e-01 6.6353e+18
5.3450e-01 6.6743e+18
5.3500e-01 6.7134e+18
5.3550e-01 6.7527e+18
5.3600e-01 6.7921e+18
5.3650e-01 6.8318e+18
5.3700e-01 6.8717e+18
5.3750e-01 6.9117e+18
5.3800e-01 6.9520e+18
5.3850e-01 6.9924e+18
5.3900e-01 7.0331e+18
5.3950e-01 7.0739e+18
5.4000e-01 7.1149e+18
5.4050e-01 7.1562e+18
5.4100e-01 7.1976e+18
5.4150e-01 7.2392e+18
5.4200e-01 7.2810e+18
5.4250e-01 7.3231e+18
5.4300e-01 7.3653e+18
5.4350e-01 7.4077e+18
5.4400e-01 7.4503e+18
5.4450e-01 7.4932e+18
5.4500e-01 7.5362e+18
5.4550e-01 7.5794e+18
5.4600e-01 7.6229e+18
5.4650e-01 7.6665e+18
5.4700e-01 7.7104e+18
5.4750e-01 7.7544e+18
5.4800e-01 7.7987e+18
5.4850e-01 7.8432e+18
5.4900e-01 7.8879e+18
5.4950e-01 7.9328e+18
5.5000e-01 7.9779e+18
5.5050e-01 8.0232e+18
5.5100e-01 8.0687e+18
5.5150e-01 8.1145e+18
5.5200e-01 8.1605e+18
5.5250e-01 8.2066e+18
5.5300e-01 8.2530e+18
5.5350e-01 8.2997e+18
5.5400e-01 8.3465e+18
5.5450e-01 8.3935e+18
5.5500e-01 8.4408e+18
5.5550e-01 8.4883e+18
5.5600e-01 8.5360e+18
5.5650e-01 8.5839e+18
5.5700e-01 8.6321e+18
5.5750e-01 8.6805e+18
5.5800e-01 8.7291e+18
5.5850e-01 8.7779e+18
5.5900e-01 8.8270e+18
5.5950e-01 8.8763e+18
5.6000e-01 8.9258e+18
5.6050e-01 8.9755e+18
5.6100e-01 9.0255e+18
5.6150e-01 9.0757e+18
5.6200e-01 9.1261e+18
5.6250e-01 9.1768e+18
5.6300e-01 9.2277e+18
5.6350e-01 9.2788e+18
5.6400e-01 9.3302e+18
5.6450e-01 9.3818e+18
5.6500e-01 9.4336e+18
5.6550e-01 9.4857e+18
5.6600e-01 9.5380e+18
5.6650e-01 9.5905e+18
5.6700e-01 9.6433e+18
5.6750e-01 9.6963e+18
5.6800e-01 9.7496e+18
5.6850e-01 9.8031e+18
5.6900e-01 9.8569e+18
5.6950e-01 9.9109e+18
5.7000e-01 9.9651e+18
5.7050e-01 1.0020e+19
5.7100e-01 1.0074e+19
5.7150e-01 1.0129e+19
5.7200e-01 1.0185e+19
5.7250e-01 1.0240e+19
5.7300e-01 1.0296e+19
5.7350e-01 1.0352e+19
5.7400e-01 1.0408e+19
5.7450e-01 1.0464e+19
5.7500e-01 1.0521e+19
5.7550e-01 1.0578e+19
5.7600e-01 1.0635e+19
5.7650e-01 1.0693e+19
5.7700e-01 1.0751e+19
5.7750e-01 1.0809e+19
5.7800e-01 1.0867e+19
5.7850e-01 1.0926e+19
5.7900e-01 1.0984e+19
5.7950e-01 1.1044e+19
5.8000e-01 1.1103e+19
5.8050e-01 1.1162e+19
5.8100e-01 1.1222e+19
5.8150e-01 1.1282e+19
5.8200e-01 1.1343e+19
5.8250e-01 1.1403e+19
5.8300e-01 1.1464e+19
5.8350e-01 1.1526e+19
5.8400e-01 1.1587e+19
5.8450e-01 1.1649e+19
5.8500e-01 1.1711e+19
5.8550e-01 1.1773e+19
5.8600e-01 1.1836e+19
5.8650e-01 1.1899e+19
5.8700e-01 1.1962e+19
5.8750e-01 1.2025e+19
5.8800e-01 1.2089e+19
5.8850e-01 1.2153e+19
5.8900e-01 1.2217e+19
5.8950e-01 1.2281e+19
5.9000e-01 1.2346e+19
5.9050e-01 1.2411e+19
5.9100e-01 1.2477e+19
5.9150e-01 1.2542e+19
5.9200e-01 1.2608e+19
5.9250e-01 1.2674e+19
5.9300e-01 1.2741e+19
5.9350e-01 1.2808e+19
5.9400e-01 1.2875e+19
5.9450e-01 1.2942e+19
5.9500e-01 1.3010e+19
5.9550e-01 1.3078e+19
5.9600e-01 1.3146e+19
5.9650e-01 1.3215e+19
5.9700e-01 1.3284e+19
5.9750e-01 1.3353e+19
5.9800e-01 1.3422e+19
5.9850e-01 1.3492e+19
5.9900e-01 1.3562e+19
5.9950e-01 1.3632e+19
6.0000e-01 1.3703e+19
6.0050e-01 1.3774e+19
6.0100e-01 1.3845e+19
6.0150e-01 1.3917e+19
6.0200e-01 1.3989e+19
6.0250e-01 1.4061e+19
6.0300e-01 1.4133e+19
6.0350e-01 1.4206e+19
6.0400e-01 1.4279e+19
6.0450e-01 1.4353e+19
6.0500e-01 1.4426e+19
6.0550e-01 1.4500e+19
6.0600e-01 1.4575e+19
6.0650e-01 1.4649e+19
6.0700e-01 1.4724e+19
6.0750e-01 1.4800e+19
6.0800e-01 1.4875e+19
6.0850e-01 1.4951e+19
6.0900e-01 1.5028e+19
6.0950e-01 1.5104e+19
6.1000e-01 1.5181e+19
6.1050e-01 1.5258e+19
6.1100e-01 1.5336e+19
6.1150e-01 1.5414e+19
6.1200e-01 1.5492e+19
6.1250e-01 1.5571e+19
6.1300e-01 1.5650e+19
6.1350e-01 1.5729e+19
6.1400e-01 1.5808e+19
6.1450e-01 1.5888e+19
6.1500e-01 1.5968e+19
6.1550e-01 1.6049e+19
6.1600e-01 1.6130e+19
6.1650e-01 1.6211e+19
6.1700e-01 1.6293e+19
6.1750e-01 1.6375e+19
6.1800e-01 1.6457e+19
6.1850e-01 1.6540e+19
6.1900e-01 1.6622e+19
6.1950e-01 1.6706e+19
6.2000e-01 1.6789e+19
6.2050e-01 1.6873e+19
6.2100e-01 1.6958e+19
6.2150e-01 1.7042e+19
6.2200e-01 1.7127e+19
6.2250e-01 1.7213e+19
6.2300e-01 1.7299e+19
6.2350e-01 1.7385e+19
6.2400e-01 1.7471e+19
6.2450e-01 1.7558e+19
6.2500e-01 1.7645e+19
6.2550e-01 1.7733e+19
6.2600e-01 1.7820e+19
6.2650e-01 1.7909e+19
6.2700e-01 1.7997e+19
6.2750e-01 1.8086e+19
6.2800e-01 1.8176e+19
6.2850e-01 1.8265e+19
6.2900e-01 1.8355e+19
6.2950e-01 1.8446e+19
6.3000e-01 1.8537e+19
6.3050e-01 1.8628e+19
6.3100e-01 1.8719e+19
6.3150e-01 1.8811e+19
6.3200e-01 1.8903e+19
6.3250e-01 1.8996e+19
6.3300e-01 1.9089e+19
6.3350e-01 1.9183e+19
6.3400e-01 1.9276e+19
6.3450e-01 1.9371e+19
6.3500e-01 1.9465e+19
6.3550e-01 1.9560e+19
6.3600e-01 1.9655e+19
6.3650e-01 1.9751e+19
6.3700e-01 1.9847e+19
6.3750e-01 1.9944e+19
6.3800e-01 2.0041e+19
6.3850e-01 2.0138e+19
6.3900e-01 2.0236e+19
6.3950e-01 2.0334e+19
6.4000e-01 2.0432e+19
6.4050e-01 2.0531e+19
6.4100e-01 2.0630e+19
6.4150e-01 2.0730e+19
6.4200e-01 2.0830e+19
6.4250e-01 2.0930e+19
6.4300e-01 2.1031e+19
6.4350e-01 2.1132e+19
6.4400e-01 2.1234e+19
6.4450e-01 2.1336e+19
6.4500e-01 2.1439e+19
6.4550e-01 2.1541e+19
6.4600e-01 2.1645e+19
6.4650e-01 2.1748e+19
6.4700e-01 2.1853e+19
6.4750e-01 2.1957e+19
6.4800e-01 2.2062e+19
6.4850e-01 2.2167e+19
6.4900e-01 2.2273e+19
6.4950e-01 2.2379e+19
6.5000e-01 2.2486e+19
6.5050e-01 2.2593e+19
6.5100e-01 2.2700e+19
6.5150e-01 2.2808e+19
6.5200e-01 2.2917e+19
6.5250e-01 2.3025e+19
6.5300e-01 2.3134e+19
6.5350e-01 2.3244e+19
6.5400e-01 2.3354e+19
6.5450e-01 2.3465e+19
6.5500e-01 2.3575e+19
6.5550e-01 2.3687e+19
6.5600e-01 2.3799e+19
6.5650e-01 2.3911e+19
6.5700e-01 2.4023e+19
6.5750e-01 2.4136e+19
6.5800e-01 2.4250e+19
6.5850e-01 2.4364e+19
6.5900e-01 2.4478e+19
6.5950e-01 2.4593e+19
6.6000e-01 2.4708e+19
6.6050e-01 2.4824e+19
6.6100e-01 2.4940e+19
6.6150e-01 2.5057e+19
6.6200e-01 2.5174e+19
6.6250e-01 2.5292e+19
6.6300e-01 2.5410e+19
6.6350e-01 2.5528e+19
6.6400e-01 2.5647e+19
6.6450e-01 2.5767e+19
6.6500e-01 2.5886e+19
6.6550e-01 2.6007e+19
6.6600e-01 2.6127e+19
6.6650e-01 2.6249e+19
6.6700e-01 2.6370e+19
6.6750e-01 2.6493e+19
6.6800e-01 2.6615e+19
6.6850e-01 2.6738e+19
6.6900e-01 2.6862e+19
6.6950e-01 2.6986e+19
6.7000e-01 2.7111e+19
6.7050e-01 2.7236e+19
6.7100e-01 2.7361e+19
6.7150e-01 2.7487e+19
6.7200e-01 2.7614e+19
6.7250e-01 2.7740e+19
6.7300e-01 2.7868e+19
6.7350e-01 2.7996e+19
6.7400e-01 2.8124e+19
6.7450e-01 2.8253e+19
6.7500e-01 2.8383e+19
6.7550e-01 2.8512e+19
6.7600e-01 2.8643e+19
6.7650e-01 2.8774e+19
6.7700e-01 2.8905e+19
6.7750e-01 2.9037e+19
6.7800e-01 2.9169e+19
6.7850e-01 2.9302e+19
6.7900e-01 2.9435e+19
6.7950e-01 2.9569e+19
6.8000e-01 2.9704e+19
6.8050e-01 2.9839e+19
6.8100e-01 2.9974e+19
6.8150e-01 3.0110e+19
6.8200e-01 3.0246e+19
6.8250e-01 3.0383e+19
6.8300e-01 3.0521e+19
6.8350e-01 3.0659e+19
6.8400e-01 3.0797e+19
6.8450e-01 3.0936e+19
6.8500e-01 3.1076e+19
6.8550e-01 3.1216e+19
6.8600e-01 3.1356e+19
6.8650e-01 3.1497e+19
6.8700e-01 3.1639e+19
6.8750e-01 3.1781e+19
6.8800e-01 3.1924e+19
6.8850e-01 3.2067e+19
6.8900e-01 3.2211e+19
6.8950e-01 3.2355e+19
6.9000e-01 3.2500e+19
6.9050e-01 3.2645e+19
6.9100e-01 3.2791e+19
6.9150e-01 3.2937e+19
6.9200e-01 3.3084e+19
6.9250e-01 3.3232e+19
6.9300e-01 3.3380e+19
6.9350e-01 3.3529e+19
6.9400e-01 3.3678e+19
6.9450e-01 3.3828e+19
6.9500e-01 3.3978e+19
6.9550e-01 3.4129e+19
6.9600e-01 3.4280e+19
6.9650e-01 3.4432e+19
6.9700e-01 3.4584e+19
6.9750e-01 3.4738e+19
6.9800e-01 3.4891e+19
6.9850e-01 3.5045e+19
6.9900e-01 3.5200e+19
6.9950e-01 3.5355e+19
7.0000e-01 3.5511e+19
7.0050e-01 3.5668e+19
7.0100e-01 3.5825e+19
7.0150e-01 3.5982e+19
7.0200e-01 3.6141e+19
7.0250e-01 3.6299e+19
7.0300e-01 3.6459e+19
7.0350e-01 3.6619e+19
7.0400e-01 3.6779e+19
7.0450e-01 3.6940e+19
7.0500e-01 3.7102e+19
7.0550e-01 3.7264e+19
7.0600e-01 3.7427e+19
7.0650e-01 3.7591e+19
7.0700e-01 3.7755e+19
7.0750e-01 3.7919e+19
7.0800e-01 3.8084e+19
7.0850e-01 3.8250e+19
7.0900e-01 3.8417e+19
7.0950e-01 3.8584e+19
7.1000e-01 3.8751e+19
7.1050e-01 3.8920e+19
7.1100e-01 3.9088e+19
7.1150e-01 3.9258e+19
7.1200e-01 3.9428e+19
7.1250e-01 3.9599e+19
7.1300e-01 3.9770e+19
7.1350e-01 3.9942e+19
7.1400e-01 4.0114e+19
7.1450e-01 4.0288e+19
7.1500e-01 4.0461e+19
7.1550e-01 4.0636e+19
7.1600e-01 4.0811e+19
7.1650e-01 4.0986e+19
7.1700e-01 4.1163e+19
7.1750e-01 4.1340e+19
7.1800e-01 4.1517e+19
7.1850e-01 4.1695e+19
7.1900e-01 4.1874e+19
7.1950e-01 4.2054e+19
7.2000e-01 4.2234e+19
7.2050e-01 4.2414e+19
7.2100e-01 4.2596e+19
7.2150e-01 4.2778e+19
7.2200e-01 4.2960e+19
7.2250e-01 4.3144e+19
7.2300e-01 4.3328e+19
7.2350e-01 4.3512e+19
7.2400e-01 4.3698e+19
7.2450e-01 4.3883e+19
7.2500e-01 4.4070e+19
7.2550e-01 4.4257e+19
7.2600e-01 4.4445e+19
7.2650e-01 4.4634e+19
7.2700e-01 4.4823e+19
7.2750e-01 4.5013e+19
7.2800e-01 4.5203e+19
7.2850e-01 4.5395e+19
7.2900e-01 4.5587e+19
7.2950e-01 4.5779e+19
7.3000e-01 4.5972e+19
7.3050e-01 4.6166e+19
7.3100e-01 4.6361e+19
7.3150e-01 4.6556e+19
7.3200e-01 4.6752e+19
7.3250e-01 4.6949e+19
7.3300e-01 4.7146e+19
7.3350e-01 4.7344e+19
7.3400e-01 4.7543e+19
7.3450e-01 4.7742e+19
7.3500e-01 4.7943e+19
7.3550e-01 4.8143e+19
7.3600e-01 4.8345e+19
7.3650e-01 4.8547e+19
7.3700e-01 4.8750e+19
7.3750e-01 4.8954e+19
7.3800e-01 4.9158e+19
7.3850e-01 4.9363e+19
7.3900e-01 4.9569e+19
7.3950e-01 4.9775e+19
7.4000e-01 4.9982e+19
7.4050e-01 5.0190e+19
7.4100e-01 5.0399e+19
7.4150e-01 5.0608e+19
7.4200e-01 5.0818e+19
7.4250e-01 5.1029e+19
7.4300e-01 5.1241e+19
7.4350e-01 5.1453e+19
7.4400e-01 5.1666e+19
7.4450e-01 5.1880e+19
7.4500e-01 5.2094e+19
7.4550e-01 5.2309e+19
7.4600e-01 5.2525e+19
7.4650e-01 5.2742e+19
7.4700e-01 5.2959e+19
7.4750e-01 5.3177e+19
7.4800e-01 5.3396e+19
7.4850e-01 5.3616e+19
7.4900e-01 5.3836e+19
7.4950e-01 5.4058e+19
7.5000e-01 5.4279e+19
7.5050e-01 5.4502e+19
7.5100e-01 5.4726e+19
7.5150e-01 5.4950e+19
7.5200e-01 5.5175e+19
7.5250e-01 5.5400e+19
7.5300e-01 5.5627e+19
7.5350e-01 5.5854e+19
7.5400e-01 5.6082e+19
7.5450e-01 5.6311e+19
7.5500e-01 5.6541e+19
7.5550e-01 5.6771e+19
7.5600e-01 5.7002e+19
7.5650e-01 5.7234e+19
7.5700e-01 5.7467e+19
7.5750e-01 5.7700e+19
7.5800e-01 5.7935e+19
7.5850e-01 5.8170e+19
7.5900e-01 5.8405e+19
7.5950e-01 5.8642e+19
7.6000e-01 5.8880e+19
7.6050e-01 5.9118e+19
7.6100e-01 5.9357e+19
7.6150e-01 5.9597e+19
7.6200e-01 5.9837e+19
7.6250e-01 6.0079e+19
7.6300e-01 6.0321e+19
7.6350e-01 6.0564e+19
7.6400e-01 6.0808e+19
7.6450e-01 6.1053e+19
7.6500e-01 6.1299e+19
7.6550e-01 6.1545e+19
7.6600e-01 6.1792e+19
7.6650e-01 6.2040e+19
7.6700e-01 6.2289e+19
7.6750e-01 6.2539e+19
7.6800e-01 6.2789e+19
7.6850e-01 6.3041e+19
7.6900e-01 6.3293e+19
7.6950e-01 6.3546e+19
7.7000e-01 6.3800e+19
7.7050e-01 6.4054e+19
7.7100e-01 6.4310e+19
7.7150e-01 6.4566e+19
7.7200e-01 6.4824e+19
7.7250e-01 6.5082e+19
7.7300e-01 6.5341e+19
7.7350e-01 6.5601e+19
7.7400e-01 6.5861e+19
7.7450e-01 6.6123e+19
7.7500e-01 6.6385e+19
7.7550e-01 6.6648e+19
7.7600e-01 6.6913e+19
7.7650e-01 6.7178e+19
7.7700e-01 6.7443e+19
7.7750e-01 6.7710e+19
7.7800e-01 6.7978e+19
7.7850e-01 6.8246e+19
7.7900e-01 6.8516e+19
7.7950e-01 6.8786e+19
7.8000e-01 6.9057e+19
7.8050e-01 6.9329e+19
7.8100e-01 6.9602e+19
7.8150e-01 6.9876e+19
7.8200e-01 7.0151e+19
7.8250e-01 7.0427e+19
7.8300e-01 7.0703e+19
7.8350e-01 7.0981e+19
7.8400e-01 7.1259e+19
7.8450e-01 7.1538e+19
7.8500e-01 7.1818e+19
7.8550e-01 7.2099e+19
7.8600e-01 7.2381e+19
7.8650e-01 7.2664e+19
7.8700e-01 7.2948e+19
7.8750e-01 7.3233e+19
7.8800e-01 7.3519e+19
7.8850e-01 7.3805e+19
7.8900e-01 7.4093e+19
7.8950e-01 7.4381e+19
7.9000e-01 7.4671e+19
7.9050e-01 7.4961e+19
7.9100e-01 7.5252e+19
7.9150e-01 7.5545e+19
7.9200e-01 7.5838e+19
7.9250e-01 7.6132e+19
7.9300e-01 7.6427e+19
7.9350e-01 7.6723e+19
7.9400e-01 7.7020e+19
7.9450e-01 7.7318e+19
7.9500e-01 7.7617e+19
7.9550e-01 7.7917e+19
7.9600e-01 7.8217e+19
7.9650e-01 7.8519e+19
7.9700e-01 7.8822e+19
7.9750e-01 7.9126e+19
7.9800e-01 7.9430e+19
7.9850e-01 7.9736e+19
7.9900e-01 8.0043e+19
7.9950e-01 8.0350e+19
8.0000e-01 8.0659e+19
