0.0000e+00 0.0000e+00
1.0000e-03 1.3302e-68
1.1000e-03 7.6016e-63
1.2000e-03 4.7891e-58
1.3000e-03 5.5315e-54
1.4000e-03 1.6843e-50
1.5000e-03 1.7650e-47
1.6000e-03 7.7732e-45
1.7000e-03 1.6763e-42
1.8000e-03 1.9937e-40
1.9000e-03 1.4364e-38
2.0000e-03 6.7582e-37
2.1000e-03 2.2067e-35
2.2000e-03 5.2554e-34
2.3000e-03 9.5122e-33
2.4000e-03 1.3541e-31
2.5000e-03 1.5603e-30
2.6000e-03 1.4913e-29
2.7000e-03 1.2069e-28
2.8000e-03 8.4201e-28
2.9000e-03 5.1419e-27
3.0000e-03 2.7854e-26
3.1000e-03 1.3540e-25
3.2000e-03 5.9666e-25
3.3000e-03 2.4048e-24
3.4000e-03 8.9350e-24
3.5000e-03 3.0817e-23
3.6000e-03 9.9279e-23
3.7000e-03 3.0040e-22
3.8000e-03 8.5791e-22
3.9000e-03 2.3229e-21
4.0000e-03 5.9867e-21
4.1000e-03 1.4740e-20
4.2000e-03 3.4781e-20
4.3000e-03 7.8890e-20
4.4000e-03 1.7247e-19
4.5000e-03 3.6431e-19
4.6000e-03 7.4519e-19
4.7000e-03 1.4791e-18
4.8000e-03 2.8540e-18
4.9000e-03 5.3631e-18
5.0000e-03 9.8301e-18
5.1000e-03 1.7600e-17
5.2000e-03 3.0822e-17
5.3000e-03 5.2864e-17
5.4000e-03 8.8900e-17
5.5000e-03 1.4674e-16
5.6000e-03 2.3798e-16
5.7000e-03 3.7956e-16
5.8000e-03 5.9584e-16
5.9000e-03 9.2140e-16
6.0000e-03 1.4046e-15
6.1000e-03 2.1123e-15
6.2000e-03 3.1358e-15
6.3000e-03 4.5981e-15
6.4000e-03 6.6636e-15
6.5000e-03 9.5493e-15
6.6000e-03 1.3539e-14
6.7000e-03 1.9000e-14
6.8000e-03 2.6405e-14
6.9000e-03 3.6354e-14
7.0000e-03 4.9606e-14
7.1000e-03 6.7110e-14
7.2000e-03 9.0048e-14
7.3000e-03 1.1988e-13
7.4000e-03 1.5838e-13
7.5000e-03 2.0775e-13
7.6000e-03 2.7060e-13
7.7000e-03 3.5010e-13
7.8000e-03 4.5006e-13
7.9000e-03 5.7498e-13
8.0000e-03 7.3019e-13
8.1000e-03 9.2198e-13
8.2000e-03 1.1577e-12
8.3000e-03 1.4459e-12
8.4000e-03 1.7967e-12
8.5000e-03 2.2214e-12
8.6000e-03 2.7333e-12
8.7000e-03 3.3477e-12
8.8000e-03 4.0818e-12
8.9000e-03 4.9554e-12
9.0000e-03 5.9909e-12
9.1000e-03 7.2134e-12
9.2000e-03 8.6515e-12
9.3000e-03 1.0337e-11
9.4000e-03 1.2305e-11
9.5000e-03 1.4597e-11
9.6000e-03 1.7255e-11
9.7000e-03 2.0330e-11
9.8000e-03 2.3875e-11
9.9000e-03 2.7951e-11
1.0000e-02 3.2622e-11
1.0100e-02 3.7962e-11
1.0200e-02 4.4050e-11
1.0300e-02 5.0971e-11
1.0400e-02 5.8820e-11
1.0500e-02 6.7699e-11
1.0600e-02 7.7720e-11
1.0700e-02 8.9002e-11
1.0800e-02 1.0168e-10
1.0900e-02 1.1588e-10
1.1000e-02 1.3177e-10
1.1100e-02 1.4951e-10
1.1200e-02 1.6926e-10
1.1300e-02 1.9122e-10
1.1400e-02 2.1559e-10
1.1500e-02 2.4257e-10
1.1600e-02 2.7241e-10
1.1700e-02 3.0533e-10
1.1800e-02 3.4159e-10
1.1900e-02 3.8147e-10
1.2000e-02 4.2526e-10
1.2100e-02 4.7326e-10
1.2200e-02 5.2580e-10
1.2300e-02 5.8321e-10
1.2400e-02 6.4586e-10
1.2500e-02 7.1413e-10
1.2600e-02 7.8841e-10
1.2700e-02 8.6913e-10
1.2800e-02 9.5672e-10
1.2900e-02 1.0516e-09
1.3000e-02 1.1544e-09
1.3100e-02 1.2655e-09
1.3200e-02 1.3854e-09
1.3300e-02 1.5147e-09
1.3400e-02 1.6540e-09
1.3500e-02 1.8039e-09
1.3600e-02 1.9649e-09
1.3700e-02 2.1379e-09
1.3800e-02 2.3233e-09
1.3900e-02 2.5220e-09
1.4000e-02 2.7346e-09
1.4100e-02 2.9620e-09
1.4200e-02 3.2048e-09
1.4300e-02 3.4639e-09
1.4400e-02 3.7402e-09
1.4500e-02 4.0345e-09
1.4600e-02 4.3476e-09
1.4700e-02 4.6806e-09
1.4800e-02 5.0343e-09
1.4900e-02 5.4098e-09
1.5000e-02 5.8081e-09
1.5100e-02 6.2301e-09
1.5200e-02 6.6770e-09
1.5300e-02 7.1499e-09
1.5400e-02 7.6499e-09
1.5500e-02 8.1782e-09
1.5600e-02 8.7359e-09
1.5700e-02 9.3243e-09
1.5800e-02 9.9446e-09
1.5900e-02 1.0598e-08
1.6000e-02 1.1286e-08
1.6100e-02 1.2010e-08
1.6200e-02 1.2772e-08
1.6300e-02 1.3572e-08
1.6400e-02 1.4412e-08
1.6500e-02 1.5293e-08
1.6600e-02 1.6218e-08
1.6700e-02 1.7188e-08
1.6800e-02 1.8204e-08
1.6900e-02 1.9267e-08
1.7000e-02 2.0380e-08
1.7100e-02 2.1544e-08
1.7200e-02 2.2761e-08
1.7300e-02 2.4033e-08
1.7400e-02 2.5361e-08
1.7500e-02 2.6747e-08
1.7600e-02 2.8193e-08
1.7700e-02 2.9701e-08
1.7800e-02 3.1272e-08
1.7900e-02 3.2910e-08
1.8000e-02 3.4614e-08
1.8100e-02 3.6388e-08
1.8200e-02 3.8234e-08
1.8300e-02 4.0153e-08
1.8400e-02 4.2148e-08
1.8500e-02 4.4221e-08
1.8600e-02 4.6374e-08
1.8700e-02 4.8608e-08
1.8800e-02 5.0927e-08
1.8900e-02 5.3332e-08
1.9000e-02 5.5826e-08
1.9100e-02 5.8411e-08
1.9200e-02 6.1089e-08
1.9300e-02 6.3863e-08
1.9400e-02 6.6734e-08
1.9500e-02 6.9706e-08
1.9600e-02 7.2781e-08
1.9700e-02 7.5961e-08
1.9800e-02 7.9248e-08
1.9900e-02 8.2645e-08
2.0000e-02 8.6156e-08
2.0100e-02 8.9781e-08
2.0200e-02 9.3524e-08
2.0300e-02 9.7387e-08
2.0400e-02 1.0137e-07
2.0500e-02 1.0549e-07
2.0600e-02 1.0973e-07
2.0700e-02 1.1410e-07
2.0800e-02 1.1860e-07
2.0900e-02 1.2324e-07
2.1000e-02 1.2802e-07
2.1100e-02 1.3295e-07
2.1200e-02 1.3801e-07
2.1300e-02 1.4323e-07
2.1400e-02 1.4859e-07
2.1500e-02 1.5411e-07
2.1600e-02 1.5978e-07
2.1700e-02 1.6562e-07
2.1800e-02 1.7161e-07
2.1900e-02 1.7777e-07
2.2000e-02 1.8410e-07
2.2100e-02 1.9060e-07
2.2200e-02 1.9727e-07
2.2300e-02 2.0412e-07
2.2400e-02 2.1115e-07
2.2500e-02 2.1837e-07
2.2600e-02 2.2577e-07
2.2700e-02 2.3335e-07
2.2800e-02 2.4113e-07
2.2900e-02 2.4911e-07
2.3000e-02 2.5729e-07
2.3100e-02 2.6566e-07
2.3200e-02 2.7424e-07
2.3300e-02 2.8303e-07
2.3400e-02 2.9204e-07
2.3500e-02 3.0125e-07
2.3600e-02 3.1068e-07
2.3700e-02 3.2034e-07
2.3800e-02 3.3022e-07
2.3900e-02 3.4033e-07
2.4000e-02 3.5066e-07
2.4100e-02 3.6123e-07
2.4200e-02 3.7204e-07
2.4300e-02 3.8309e-07
2.4400e-02 3.9439e-07
2.4500e-02 4.0593e-07
2.4600e-02 4.1772e-07
2.4700e-02 4.2977e-07
2.4800e-02 4.4208e-07
2.4900e-02 4.5464e-07
2.5000e-02 4.6747e-07
2.5100e-02 4.8057e-07
2.5200e-02 4.9394e-07
2.5300e-02 5.0759e-07
2.5400e-02 5.2151e-07
2.5500e-02 5.3572e-07
2.5600e-02 5.5021e-07
2.5700e-02 5.6499e-07
2.5800e-02 5.8006e-07
2.5900e-02 5.9543e-07
2.6000e-02 6.1109e-07
2.6100e-02 6.2706e-07
2.6200e-02 6.4334e-07
2.6300e-02 6.5992e-07
2.6400e-02 6.7682e-07
2.6500e-02 6.9403e-07
2.6600e-02 7.1157e-07
2.6700e-02 7.2943e-07
2.6800e-02 7.4761e-07
2.6900e-02 7.6613e-07
2.7000e-02 7.8498e-07
2.7100e-02 8.0417e-07
2.7200e-02 8.2370e-07
2.7300e-02 8.4358e-07
2.7400e-02 8.6381e-07
2.7500e-02 8.8439e-07
2.7600e-02 9.0532e-07
2.7700e-02 9.2661e-07
2.7800e-02 9.4827e-07
2.7900e-02 9.7030e-07
2.8000e-02 9.9269e-07
2.8100e-02 1.0155e-06
2.8200e-02 1.0386e-06
2.8300e-02 1.0621e-06
2.8400e-02 1.0860e-06
2.8500e-02 1.1103e-06
2.8600e-02 1.1350e-06
2.8700e-02 1.1601e-06
2.8800e-02 1.1856e-06
2.8900e-02 1.2115e-06
2.9000e-02 1.2378e-06
2.9100e-02 1.2645e-06
2.9200e-02 1.2916e-06
2.9300e-02 1.3192e-06
2.9400e-02 1.3471e-06
2.9500e-02 1.3755e-06
2.9600e-02 1.4044e-06
2.9700e-02 1.4336e-06
2.9800e-02 1.4633e-06
2.9900e-02 1.4934e-06
3.0000e-02 1.5240e-06
3.0100e-02 1.5550e-06
3.0200e-02 1.5865e-06
3.0300e-02 1.6184e-06
3.0400e-02 1.6508e-06
3.0500e-02 1.6836e-06
3.0600e-02 1.7169e-06
3.0700e-02 1.7507e-06
3.0800e-02 1.7849e-06
3.0900e-02 1.8197e-06
3.1000e-02 1.8549e-06
3.1100e-02 1.8906e-06
3.1200e-02 1.9268e-06
3.1300e-02 1.9635e-06
3.1400e-02 2.0006e-06
3.1500e-02 2.0383e-06
3.1600e-02 2.0765e-06
3.1700e-02 2.1152e-06
3.1800e-02 2.1544e-06
3.1900e-02 2.1941e-06
3.2000e-02 2.2344e-06
3.2100e-02 2.2752e-06
3.2200e-02 2.3165e-06
3.2300e-02 2.3583e-06
3.2400e-02 2.4007e-06
3.2500e-02 2.4435e-06
3.2600e-02 2.4870e-06
3.2700e-02 2.5309e-06
3.2800e-02 2.5754e-06
3.2900e-02 2.6205e-06
3.3000e-02 2.6660e-06
3.3100e-02 2.7120e-06
3.3200e-02 2.7586e-06
3.3300e-02 2.8057e-06
3.3400e-02 2.8532e-06
3.3500e-02 2.9013e-06
3.3600e-02 2.9498e-06
3.3700e-02 2.9989e-06
3.3800e-02 3.0485e-06
3.3900e-02 3.0985e-06
3.4000e-02 3.1491e-06
3.4100e-02 3.2002e-06
3.4200e-02 3.2519e-06
3.4300e-02 3.3041e-06
3.4400e-02 3.3568e-06
3.4500e-02 3.4102e-06
3.4600e-02 3.4641e-06
3.4700e-02 3.5186e-06
3.4800e-02 3.5737e-06
3.4900e-02 3.6293e-06
3.5000e-02 3.6856e-06
3.5100e-02 3.7425e-06
3.5200e-02 3.8000e-06
3.5300e-02 3.8581e-06
3.5400e-02 3.9169e-06
3.5500e-02 3.9762e-06
3.5600e-02 4.0362e-06
3.5700e-02 4.0968e-06
3.5800e-02 4.1580e-06
3.5900e-02 4.2199e-06
3.6000e-02 4.2824e-06
3.6100e-02 4.3455e-06
3.6200e-02 4.4093e-06
3.6300e-02 4.4737e-06
3.6400e-02 4.5388e-06
3.6500e-02 4.6045e-06
3.6600e-02 4.6709e-06
3.6700e-02 4.7380e-06
3.6800e-02 4.8057e-06
3.6900e-02 4.8741e-06
3.7000e-02 4.9431e-06
3.7100e-02 5.0128e-06
3.7200e-02 5.0832e-06
3.7300e-02 5.1543e-06
3.7400e-02 5.2260e-06
3.7500e-02 5.2984e-06
3.7600e-02 5.3715e-06
3.7700e-02 5.4454e-06
3.7800e-02 5.5199e-06
3.7900e-02 5.5951e-06
3.8000e-02 5.6710e-06
3.8100e-02 5.7476e-06
3.8200e-02 5.8249e-06
3.8300e-02 5.9029e-06
3.8400e-02 5.9816e-06
3.8500e-02 6.0611e-06
3.8600e-02 6.1413e-06
3.8700e-02 6.2222e-06
3.8800e-02 6.3038e-06
3.8900e-02 6.3862e-06
3.9000e-02 6.4693e-06
3.9100e-02 6.5531e-06
3.9200e-02 6.6377e-06
3.9300e-02 6.7230e-06
3.9400e-02 6.8091e-06
3.9500e-02 6.8960e-06
3.9600e-02 6.9835e-06
3.9700e-02 7.0719e-06
3.9800e-02 7.1610e-06
3.9900e-02 7.2509e-06
4.0000e-02 7.3415e-06
4.0100e-02 7.4329e-06
4.0200e-02 7.5251e-06
4.0300e-02 7.6181e-06
4.0400e-02 7.7119e-06
4.0500e-02 7.8064e-06
4.0600e-02 7.9017e-06
4.0700e-02 7.9979e-06
4.0800e-02 8.0948e-06
4.0900e-02 8.1925e-06
4.1000e-02 8.2910e-06
4.1100e-02 8.3904e-06
4.1200e-02 8.4905e-06
4.1300e-02 8.5915e-06
4.1400e-02 8.6933e-06
4.1500e-02 8.7959e-06
4.1600e-02 8.8993e-06
4.1700e-02 9.0036e-06
4.1800e-02 9.1087e-06
4.1900e-02 9.2146e-06
4.2000e-02 9.3214e-06
4.2100e-02 9.4290e-06
4.2200e-02 9.5374e-06
4.2300e-02 9.6467e-06
4.2400e-02 9.7569e-06
4.2500e-02 9.8679e-06
4.2600e-02 9.9798e-06
4.2700e-02 1.0093e-05
4.2800e-02 1.0206e-05
4.2900e-02 1.0321e-05
4.3000e-02 1.0436e-05
4.3100e-02 1.0552e-05
4.3200e-02 1.0669e-05
4.3300e-02 1.0787e-05
4.3400e-02 1.0906e-05
4.3500e-02 1.1026e-05
4.3600e-02 1.1147e-05
4.3700e-02 1.1268e-05
4.3800e-02 1.1391e-05
4.3900e-02 1.1514e-05
4.4000e-02 1.1638e-05
4.4100e-02 1.1764e-05
4.4200e-02 1.1890e-05
4.4300e-02 1.2017e-05
4.4400e-02 1.2145e-05
4.4500e-02 1.2274e-05
4.4600e-02 1.2404e-05
4.4700e-02 1.2534e-05
4.4800e-02 1.2666e-05
4.4900e-02 1.2799e-05
4.5000e-02 1.2932e-05
4.5100e-02 1.3067e-05
4.5200e-02 1.3203e-05
4.5300e-02 1.3339e-05
4.5400e-02 1.3476e-05
4.5500e-02 1.3615e-05
4.5600e-02 1.3754e-05
4.5700e-02 1.3895e-05
4.5800e-02 1.4036e-05
4.5900e-02 1.4178e-05
4.6000e-02 1.4322e-05
4.6100e-02 1.4466e-05
4.6200e-02 1.4611e-05
4.6300e-02 1.4757e-05
4.6400e-02 1.4905e-05
4.6500e-02 1.5053e-05
4.6600e-02 1.5202e-05
4.6700e-02 1.5353e-05
4.6800e-02 1.5504e-05
4.6900e-02 1.5656e-05
4.7000e-02 1.5810e-05
4.7100e-02 1.5964e-05
4.7200e-02 1.6120e-05
4.7300e-02 1.6276e-05
4.7400e-02 1.6434e-05
4.7500e-02 1.6592e-05
4.7600e-02 1.6752e-05
4.7700e-02 1.6912e-05
4.7800e-02 1.7074e-05
4.7900e-02 1.7237e-05
4.8000e-02 1.7401e-05
4.8100e-02 1.7566e-05
4.8200e-02 1.7732e-05
4.8300e-02 1.7899e-05
4.8400e-02 1.8067e-05
4.8500e-02 1.8236e-05
4.8600e-02 1.8406e-05
4.8700e-02 1.8578e-05
4.8800e-02 1.8750e-05
4.8900e-02 1.8924e-05
4.9000e-02 1.9099e-05
4.9100e-02 1.9274e-05
4.9200e-02 1.9451e-05
4.9300e-02 1.9629e-05
4.9400e-02 1.9809e-05
4.9500e-02 1.9989e-05
4.9600e-02 2.0170e-05
4.9700e-02 2.0353e-05
4.9800e-02 2.0537e-05
4.9900e-02 2.0721e-05
5.0000e-02 2.0907e-05
5.0500e-02 2.1855e-05
5.1000e-02 2.2831e-05
5.1500e-02 2.3838e-05
5.2000e-02 2.4875e-05
5.2500e-02 2.5943e-05
5.3000e-02 2.7043e-05
5.3500e-02 2.8175e-05
5.4000e-02 2.9339e-05
5.4500e-02 3.0537e-05
5.5000e-02 3.1769e-05
5.5500e-02 3.3036e-05
5.6000e-02 3.4338e-05
5.6500e-02 3.5676e-05
5.7000e-02 3.7051e-05
5.7500e-02 3.8463e-05
5.8000e-02 3.9913e-05
5.8500e-02 4.1402e-05
5.9000e-02 4.2931e-05
5.9500e-02 4.4499e-05
6.0000e-02 4.6109e-05
6.0500e-02 4.7761e-05
6.1000e-02 4.9456e-05
6.1500e-02 5.1193e-05
6.2000e-02 5.2976e-05
6.2500e-02 5.4803e-05
6.3000e-02 5.6676e-05
6.3500e-02 5.8597e-05
6.4000e-02 6.0565e-05
6.4500e-02 6.2582e-05
6.5000e-02 6.4649e-05
6.5500e-02 6.6767e-05
6.6000e-02 6.8937e-05
6.6500e-02 7.1159e-05
6.7000e-02 7.3436e-05
6.7500e-02 7.5767e-05
6.8000e-02 7.8155e-05
6.8500e-02 8.0599e-05
6.9000e-02 8.3103e-05
6.9500e-02 8.5665e-05
7.0000e-02 8.8289e-05
7.0500e-02 9.0975e-05
7.1000e-02 9.3724e-05
7.1500e-02 9.6538e-05
7.2000e-02 9.9418e-05
7.2500e-02 1.0237e-04
7.3000e-02 1.0538e-04
7.3500e-02 1.0847e-04
7.4000e-02 1.1163e-04
7.4500e-02 1.1486e-04
7.5000e-02 1.1816e-04
7.5500e-02 1.2155e-04
7.6000e-02 1.2501e-04
7.6500e-02 1.2855e-04
7.7000e-02 1.3217e-04
7.7500e-02 1.3588e-04
7.8000e-02 1.3967e-04
7.8500e-02 1.4355e-04
7.9000e-02 1.4752e-04
7.9500e-02 1.5157e-04
8.0000e-02 1.5572e-04
8.0500e-02 1.5997e-04
8.1000e-02 1.6431e-04
8.1500e-02 1.6875e-04
8.2000e-02 1.7330e-04
8.2500e-02 1.7794e-04
8.3000e-02 1.8270e-04
8.3500e-02 1.8756e-04
8.4000e-02 1.9253e-04
8.4500e-02 1.9762e-04
8.5000e-02 2.0282e-04
8.5500e-02 2.0814e-04
8.6000e-02 2.1358e-04
8.6500e-02 2.1915e-04
8.7000e-02 2.2484e-04
8.7500e-02 2.3066e-04
8.8000e-02 2.3662e-04
8.8500e-02 2.4271e-04
8.9000e-02 2.4894e-04
8.9500e-02 2.5531e-04
9.0000e-02 2.6183e-04
9.0500e-02 2.6850e-04
9.1000e-02 2.7532e-04
9.1500e-02 2.8229e-04
9.2000e-02 2.8943e-04
9.2500e-02 2.9673e-04
9.3000e-02 3.0420e-04
9.3500e-02 3.1183e-04
9.4000e-02 3.1965e-04
9.4500e-02 3.2764e-04
9.5000e-02 3.3582e-04
9.5500e-02 3.4418e-04
9.6000e-02 3.5274e-04
9.6500e-02 3.6150e-04
9.7000e-02 3.7046e-04
9.7500e-02 3.7962e-04
9.8000e-02 3.8900e-04
9.8500e-02 3.9859e-04
9.9000e-02 4.0841e-04
9.9500e-02 4.1845e-04
1.0000e-01 4.2873e-04
1.0050e-01 4.3924e-04
1.0100e-01 4.5000e-04
1.0150e-01 4.6101e-04
1.0200e-01 4.7228e-04
1.0250e-01 4.8381e-04
1.0300e-01 4.9560e-04
1.0350e-01 5.0768e-04
1.0400e-01 5.2003e-04
1.0450e-01 5.3268e-04
1.0500e-01 5.4562e-04
1.0550e-01 5.5886e-04
1.0600e-01 5.7242e-04
1.0650e-01 5.8629e-04
1.0700e-01 6.0049e-04
1.0750e-01 6.1502e-04
1.0800e-01 6.2990e-04
1.0850e-01 6.4512e-04
1.0900e-01 6.6071e-04
1.0950e-01 6.7666e-04
1.1000e-01 6.9298e-04
1.1050e-01 7.0970e-04
1.1100e-01 7.2681e-04
1.1150e-01 7.4432e-04
1.1200e-01 7.6225e-04
1.1250e-01 7.8060e-04
1.1300e-01 7.9939e-04
1.1350e-01 8.1862e-04
1.1400e-01 8.3831e-04
1.1450e-01 8.5847e-04
1.1500e-01 8.7911e-04
1.1550e-01 9.0023e-04
1.1600e-01 9.2186e-04
1.1650e-01 9.4400e-04
1.1700e-01 9.6667e-04
1.1750e-01 9.8988e-04
1.1800e-01 1.0136e-03
1.1850e-01 1.0380e-03
1.1900e-01 1.0629e-03
1.1950e-01 1.0884e-03
1.2000e-01 1.1145e-03
1.2050e-01 1.1412e-03
1.2100e-01 1.1686e-03
1.2150e-01 1.1966e-03
1.2200e-01 1.2253e-03
1.2250e-01 1.2547e-03
1.2300e-01 1.2847e-03
1.2350e-01 1.3155e-03
1.2400e-01 1.3470e-03
1.2450e-01 1.3793e-03
1.2500e-01 1.4124e-03
1.2550e-01 1.4462e-03
1.2600e-01 1.4808e-03
1.2650e-01 1.5163e-03
1.2700e-01 1.5526e-03
1.2750e-01 1.5898e-03
1.2800e-01 1.6279e-03
1.2850e-01 1.6669e-03
1.2900e-01 1.7068e-03
1.2950e-01 1.7477e-03
1.3000e-01 1.7896e-03
1.3050e-01 1.8324e-03
1.3100e-01 1.8763e-03
1.3150e-01 1.9213e-03
1.3200e-01 1.9673e-03
1.3250e-01 2.0145e-03
1.3300e-01 2.0628e-03
1.3350e-01 2.1122e-03
1.3400e-01 2.1629e-03
1.3450e-01 2.2148e-03
1.3500e-01 2.2680e-03
1.3550e-01 2.3225e-03
1.3600e-01 2.3783e-03
1.3650e-01 2.4355e-03
1.3700e-01 2.4941e-03
1.3750e-01 2.5542e-03
1.3800e-01 2.6157e-03
1.3850e-01 2.6789e-03
1.3900e-01 2.7436e-03
1.3950e-01 2.8099e-03
1.4000e-01 2.8780e-03
1.4050e-01 2.9478e-03
1.4100e-01 3.0193e-03
1.4150e-01 3.0928e-03
1.4200e-01 3.1681e-03
1.4250e-01 3.2454e-03
1.4300e-01 3.3247e-03
1.4350e-01 3.4061e-03
1.4400e-01 3.4896e-03
1.4450e-01 3.5753e-03
1.4500e-01 3.6632e-03
1.4550e-01 3.7534e-03
1.4600e-01 3.8460e-03
1.4650e-01 3.9409e-03
1.4700e-01 4.0382e-03
1.4750e-01 4.1380e-03
1.4800e-01 4.2402e-03
1.4850e-01 4.3450e-03
1.4900e-01 4.4522e-03
1.4950e-01 4.5619e-03
1.5000e-01 4.6740e-03
1.5050e-01 4.7887e-03
1.5100e-01 4.9057e-03
1.5150e-01 5.0251e-03
1.5200e-01 5.1468e-03
1.5250e-01 5.2708e-03
1.5300e-01 5.3970e-03
1.5350e-01 5.5253e-03
1.5400e-01 5.6556e-03
1.5450e-01 5.7879e-03
1.5500e-01 5.9221e-03
1.5550e-01 6.0580e-03
1.5600e-01 6.1957e-03
1.5650e-01 6.3351e-03
1.5700e-01 6.4760e-03
1.5750e-01 6.6185e-03
1.5800e-01 6.7624e-03
1.5850e-01 6.9077e-03
1.5900e-01 7.0545e-03
1.5950e-01 7.2025e-03
1.6000e-01 7.3519e-03
1.6050e-01 7.5025e-03
1.6100e-01 7.6545e-03
1.6150e-01 7.8077e-03
1.6200e-01 7.9621e-03
1.6250e-01 8.1178e-03
1.6300e-01 8.2748e-03
1.6350e-01 8.4330e-03
1.6400e-01 8.5925e-03
1.6450e-01 8.7533e-03
1.6500e-01 8.9154e-03
1.6550e-01 9.0788e-03
1.6600e-01 9.2434e-03
1.6650e-01 9.4094e-03
1.6700e-01 9.5768e-03
1.6750e-01 9.7455e-03
1.6800e-01 9.9155e-03
1.6850e-01 1.0087e-02
1.6900e-01 1.0260e-02
1.6950e-01 1.0434e-02
1.7000e-01 1.0609e-02
1.7050e-01 1.0786e-02
1.7100e-01 1.0965e-02
1.7150e-01 1.1145e-02
1.7200e-01 1.1326e-02
1.7250e-01 1.1509e-02
1.7300e-01 1.1693e-02
1.7350e-01 1.1878e-02
1.7400e-01 1.2065e-02
1.7450e-01 1.2254e-02
1.7500e-01 1.2444e-02
1.7550e-01 1.2635e-02
1.7600e-01 1.2828e-02
1.7650e-01 1.3022e-02
1.7700e-01 1.3218e-02
1.7750e-01 1.3415e-02
1.7800e-01 1.3614e-02
1.7850e-01 1.3814e-02
1.7900e-01 1.4016e-02
1.7950e-01 1.4219e-02
1.8000e-01 1.4424e-02
1.8050e-01 1.4630e-02
1.8100e-01 1.4838e-02
1.8150e-01 1.5047e-02
1.8200e-01 1.5258e-02
1.8250e-01 1.5470e-02
1.8300e-01 1.5683e-02
1.8350e-01 1.5898e-02
1.8400e-01 1.6115e-02
1.8450e-01 1.6333e-02
1.8500e-01 1.6553e-02
1.8550e-01 1.6774e-02
1.8600e-01 1.6997e-02
1.8650e-01 1.7221e-02
1.8700e-01 1.7446e-02
1.8750e-01 1.7674e-02
1.8800e-01 1.7902e-02
1.8850e-01 1.8133e-02
1.8900e-01 1.8365e-02
1.8950e-01 1.8598e-02
1.9000e-01 1.8833e-02
1.9050e-01 1.9069e-02
1.9100e-01 1.9307e-02
1.9150e-01 1.9547e-02
1.9200e-01 1.9788e-02
1.9250e-01 2.0031e-02
1.9300e-01 2.0275e-02
1.9350e-01 2.0521e-02
1.9400e-01 2.0768e-02
1.9450e-01 2.1017e-02
1.9500e-01 2.1267e-02
1.9550e-01 2.1519e-02
1.9600e-01 2.1773e-02
1.9650e-01 2.2028e-02
1.9700e-01 2.2285e-02
1.9750e-01 2.2544e-02
1.9800e-01 2.2804e-02
1.9850e-01 2.3066e-02
1.9900e-01 2.3329e-02
1.9950e-01 2.3594e-02
2.0000e-01 2.3861e-02
2.0050e-01 2.4129e-02
2.0100e-01 2.4399e-02
2.0150e-01 2.4670e-02
2.0200e-01 2.4944e-02
2.0250e-01 2.5218e-02
2.0300e-01 2.5495e-02
2.0350e-01 2.5773e-02
2.0400e-01 2.6053e-02
2.0450e-01 2.6334e-02
2.0500e-01 2.6618e-02
2.0550e-01 2.6902e-02
2.0600e-01 2.7189e-02
2.0650e-01 2.7477e-02
2.0700e-01 2.7767e-02
2.0750e-01 2.8059e-02
2.0800e-01 2.8352e-02
2.0850e-01 2.8647e-02
2.0900e-01 2.8944e-02
2.0950e-01 2.9243e-02
2.1000e-01 2.9543e-02
2.1050e-01 2.9845e-02
2.1100e-01 3.0149e-02
2.1150e-01 3.0454e-02
2.1200e-01 3.0761e-02
2.1250e-01 3.1070e-02
2.1300e-01 3.1381e-02
2.1350e-01 3.1693e-02
2.1400e-01 3.2008e-02
2.1450e-01 3.2324e-02
2.1500e-01 3.2641e-02
2.1550e-01 3.2961e-02
2.1600e-01 3.3282e-02
2.1650e-01 3.3606e-02
2.1700e-01 3.3931e-02
2.1750e-01 3.4257e-02
2.1800e-01 3.4586e-02
2.1850e-01 3.4916e-02
2.1900e-01 3.5248e-02
2.1950e-01 3.5582e-02
2.2000e-01 3.5918e-02
2.2050e-01 3.6256e-02
2.2100e-01 3.6595e-02
2.2150e-01 3.6937e-02
2.2200e-01 3.7280e-02
2.2250e-01 3.7625e-02
2.2300e-01 3.7972e-02
2.2350e-01 3.8320e-02
2.2400e-01 3.8671e-02
2.2450e-01 3.9023e-02
2.2500e-01 3.9378e-02
2.2550e-01 3.9734e-02
2.2600e-01 4.0092e-02
2.2650e-01 4.0452e-02
2.2700e-01 4.0813e-02
2.2750e-01 4.1177e-02
2.2800e-01 4.1543e-02
2.2850e-01 4.1910e-02
2.2900e-01 4.2279e-02
2.2950e-01 4.2651e-02
2.3000e-01 4.3024e-02
2.3050e-01 4.3399e-02
2.3100e-01 4.3776e-02
2.3150e-01 4.4155e-02
2.3200e-01 4.4536e-02
2.3250e-01 4.4918e-02
2.3300e-01 4.5303e-02
2.3350e-01 4.5690e-02
2.3400e-01 4.6078e-02
2.3450e-01 4.6469e-02
2.3500e-01 4.6861e-02
2.3550e-01 4.7255e-02
2.3600e-01 4.7652e-02
2.3650e-01 4.8050e-02
2.3700e-01 4.8450e-02
2.3750e-01 4.8852e-02
2.3800e-01 4.9257e-02
2.3850e-01 4.9663e-02
2.3900e-01 5.0071e-02
2.3950e-01 5.0481e-02
2.4000e-01 5.0893e-02
2.4050e-01 5.1307e-02
2.4100e-01 5.1723e-02
2.4150e-01 5.2141e-02
2.4200e-01 5.2561e-02
2.4250e-01 5.2983e-02
2.4300e-01 5.3407e-02
2.4350e-01 5.3833e-02
2.4400e-01 5.4261e-02
2.4450e-01 5.4692e-02
2.4500e-01 5.5124e-02
2.4550e-01 5.5558e-02
2.4600e-01 5.5994e-02
2.4650e-01 5.6432e-02
2.4700e-01 5.6872e-02
2.4750e-01 5.7314e-02
2.4800e-01 5.7759e-02
2.4850e-01 5.8205e-02
2.4900e-01 5.8653e-02
2.4950e-01 5.9104e-02
2.5000e-01 5.9556e-02
2.5050e-01 6.0011e-02
2.5100e-01 6.0467e-02
2.5150e-01 6.0926e-02
2.5200e-01 6.1387e-02
2.5250e-01 6.1849e-02
2.5300e-01 6.2314e-02
2.5350e-01 6.2781e-02
2.5400e-01 6.3250e-02
2.5450e-01 6.3721e-02
2.5500e-01 6.4194e-02
2.5550e-01 6.4670e-02
2.5600e-01 6.5147e-02
2.5650e-01 6.5626e-02
2.5700e-01 6.6108e-02
2.5750e-01 6.6592e-02
2.5800e-01 6.7077e-02
2.5850e-01 6.7565e-02
2.5900e-01 6.8055e-02
2.5950e-01 6.8547e-02
2.6000e-01 6.9041e-02
2.6050e-01 6.9538e-02
2.6100e-01 7.0036e-02
2.6150e-01 7.0537e-02
2.6200e-01 7.1039e-02
2.6250e-01 7.1544e-02
2.6300e-01 7.2051e-02
2.6350e-01 7.2560e-02
2.6400e-01 7.3072e-02
2.6450e-01 7.3585e-02
2.6500e-01 7.4101e-02
2.6550e-01 7.4619e-02
2.6600e-01 7.5138e-02
2.6650e-01 7.5660e-02
2.6700e-01 7.6185e-02
2.6750e-01 7.6711e-02
2.6800e-01 7.7240e-02
2.6850e-01 7.7770e-02
2.6900e-01 7.8303e-02
2.6950e-01 7.8839e-02
2.7000e-01 7.9376e-02
2.7050e-01 7.9915e-02
2.7100e-01 8.0457e-02
2.7150e-01 8.1001e-02
2.7200e-01 8.1547e-02
2.7250e-01 8.2095e-02
2.7300e-01 8.2646e-02
2.7350e-01 8.3198e-02
2.7400e-01 8.3753e-02
2.7450e-01 8.4310e-02
2.7500e-01 8.4870e-02
2.7550e-01 8.5431e-02
2.7600e-01 8.5995e-02
2.7650e-01 8.6561e-02
2.7700e-01 8.7129e-02
2.7750e-01 8.7700e-02
2.7800e-01 8.8273e-02
2.7850e-01 8.8848e-02
2.7900e-01 8.9425e-02
2.7950e-01 9.0004e-02
2.8000e-01 9.0586e-02
2.8050e-01 9.1170e-02
2.8100e-01 9.1756e-02
2.8150e-01 9.2345e-02
2.8200e-01 9.2935e-02
2.8250e-01 9.3529e-02
2.8300e-01 9.4124e-02
2.8350e-01 9.4721e-02
2.8400e-01 9.5321e-02
2.8450e-01 9.5923e-02
2.8500e-01 9.6528e-02
2.8550e-01 9.7135e-02
2.8600e-01 9.7744e-02
2.8650e-01 9.8355e-02
2.8700e-01 9.8969e-02
2.8750e-01 9.9584e-02
2.8800e-01 1.0020e-01
2.8850e-01 1.0082e-01
2.8900e-01 1.0145e-01
2.8950e-01 1.0207e-01
2.9000e-01 1.0270e-01
2.9050e-01 1.0333e-01
2.9100e-01 1.0396e-01
2.9150e-01 1.0460e-01
2.9200e-01 1.0523e-01
2.9250e-01 1.0587e-01
2.9300e-01 1.0651e-01
2.9350e-01 1.0716e-01
2.9400e-01 1.0780e-01
2.9450e-01 1.0845e-01
2.9500e-01 1.0910e-01
2.9550e-01 1.0976e-01
2.9600e-01 1.1041e-01
2.9650e-01 1.1107e-01
2.9700e-01 1.1173e-01
2.9750e-01 1.1239e-01
2.9800e-01 1.1306e-01
2.9850e-01 1.1372e-01
2.9900e-01 1.1439e-01
2.9950e-01 1.1507e-01
3.0000e-01 1.1574e-01
3.0050e-01 1.1642e-01
3.0100e-01 1.1710e-01
3.0150e-01 1.1778e-01
3.0200e-01 1.1846e-01
3.0250e-01 1.1915e-01
3.0300e-01 1.1984e-01
3.0350e-01 1.2053e-01
3.0400e-01 1.2122e-01
3.0450e-01 1.2192e-01
3.0500e-01 1.2262e-01
3.0550e-01 1.2332e-01
3.0600e-01 1.2402e-01
3.0650e-01 1.2473e-01
3.0700e-01 1.2544e-01
3.0750e-01 1.2615e-01
3.0800e-01 1.2686e-01
3.0850e-01 1.2758e-01
3.0900e-01 1.2830e-01
3.0950e-01 1.2902e-01
3.1000e-01 1.2974e-01
3.1050e-01 1.3047e-01
3.1100e-01 1.3119e-01
3.1150e-01 1.3192e-01
3.1200e-01 1.3266e-01
3.1250e-01 1.3339e-01
3.1300e-01 1.3413e-01
3.1350e-01 1.3487e-01
3.1400e-01 1.3561e-01
3.1450e-01 1.3636e-01
3.1500e-01 1.3711e-01
3.1550e-01 1.3786e-01
3.1600e-01 1.3861e-01
3.1650e-01 1.3937e-01
3.1700e-01 1.4012e-01
3.1750e-01 1.4088e-01
3.1800e-01 1.4165e-01
3.1850e-01 1.4241e-01
3.1900e-01 1.4318e-01
3.1950e-01 1.4395e-01
3.2000e-01 1.4472e-01
3.2050e-01 1.4550e-01
3.2100e-01 1.4628e-01
3.2150e-01 1.4706e-01
3.2200e-01 1.4784e-01
3.2250e-01 1.4863e-01
3.2300e-01 1.4942e-01
3.2350e-01 1.5021e-01
3.2400e-01 1.5100e-01
3.2450e-01 1.5180e-01
3.2500e-01 1.5260e-01
3.2550e-01 1.5340e-01
3.2600e-01 1.5420e-01
3.2650e-01 1.5501e-01
3.2700e-01 1.5582e-01
3.2750e-01 1.5663e-01
3.2800e-01 1.5744e-01
3.2850e-01 1.5826e-01
3.2900e-01 1.5908e-01
3.2950e-01 1.5990e-01
3.3000e-01 1.6072e-01
3.3050e-01 1.6155e-01
3.3100e-01 1.6238e-01
3.3150e-01 1.6321e-01
3.3200e-01 1.6405e-01
3.3250e-01 1.6488e-01
3.3300e-01 1.6573e-01
3.3350e-01 1.6657e-01
3.3400e-01 1.6741e-01
3.3450e-01 1.6826e-01
3.3500e-01 1.6911e-01
3.3550e-01 1.6997e-01
3.3600e-01 1.7082e-01
3.3650e-01 1.7168e-01
3.3700e-01 1.7254e-01
3.3750e-01 1.7341e-01
3.3800e-01 1.7427e-01
3.3850e-01 1.7514e-01
3.3900e-01 1.7601e-01
3.3950e-01 1.7689e-01
3.4000e-01 1.7777e-01
3.4050e-01 1.7865e-01
3.4100e-01 1.7953e-01
3.4150e-01 1.8041e-01
3.4200e-01 1.8130e-01
3.4250e-01 1.8219e-01
3.4300e-01 1.8309e-01
3.4350e-01 1.8398e-01
3.4400e-01 1.8488e-01
3.4450e-01 1.8578e-01
3.4500e-01 1.8669e-01
3.4550e-01 1.8759e-01
3.4600e-01 1.8850e-01
3.4650e-01 1.8942e-01
3.4700e-01 1.9033e-01
3.4750e-01 1.9125e-01
3.4800e-01 1.9217e-01
3.4850e-01 1.9309e-01
3.4900e-01 1.9402e-01
3.4950e-01 1.9495e-01
3.5000e-01 1.9588e-01
3.5050e-01 1.9682e-01
3.5100e-01 1.9775e-01
3.5150e-01 1.9869e-01
3.5200e-01 1.9964e-01
3.5250e-01 2.0058e-01
3.5300e-01 2.0153e-01
3.5350e-01 2.0248e-01
3.5400e-01 2.0343e-01
3.5450e-01 2.0439e-01
3.5500e-01 2.0535e-01
3.5550e-01 2.0631e-01
3.5600e-01 2.0728e-01
3.5650e-01 2.0825e-01
3.5700e-01 2.0922e-01
3.5750e-01 2.1019e-01
3.5800e-01 2.1117e-01
3.5850e-01 2.1215e-01
3.5900e-01 2.1313e-01
3.5950e-01 2.1411e-01
3.6000e-01 2.1510e-01
3.6050e-01 2.1609e-01
3.6100e-01 2.1708e-01
3.6150e-01 2.1808e-01
3.6200e-01 2.1908e-01
3.6250e-01 2.2008e-01
3.6300e-01 2.2109e-01
3.6350e-01 2.2209e-01
3.6400e-01 2.2310e-01
3.6450e-01 2.2412e-01
3.6500e-01 2.2513e-01
3.6550e-01 2.2615e-01
3.6600e-01 2.2718e-01
3.6650e-01 2.2820e-01
3.6700e-01 2.2923e-01
3.6750e-01 2.3026e-01
3.6800e-01 2.3129e-01
3.6850e-01 2.3233e-01
3.6900e-01 2.3337e-01
3.6950e-01 2.3441e-01
3.7000e-01 2.3546e-01
3.7050e-01 2.3650e-01
3.7100e-01 2.3755e-01
3.7150e-01 2.3861e-01
3.7200e-01 2.3967e-01
3.7250e-01 2.4073e-01
3.7300e-01 2.4179e-01
3.7350e-01 2.4285e-01
3.7400e-01 2.4392e-01
3.7450e-01 2.4499e-01
3.7500e-01 2.4607e-01
3.7550e-01 2.4715e-01
3.7600e-01 2.4823e-01
3.7650e-01 2.4931e-01
3.7700e-01 2.5040e-01
3.7750e-01 2.5149e-01
3.7800e-01 2.5258e-01
3.7850e-01 2.5367e-01
3.7900e-01 2.5477e-01
3.7950e-01 2.5587e-01
3.8000e-01 2.5698e-01
3.8050e-01 2.5808e-01
3.8100e-01 2.5919e-01
3.8150e-01 2.6031e-01
3.8200e-01 2.6142e-01
3.8250e-01 2.6254e-01
3.8300e-01 2.6367e-01
3.8350e-01 2.6479e-01
3.8400e-01 2.6592e-01
3.8450e-01 2.6705e-01
3.8500e-01 2.6818e-01
3.8550e-01 2.6932e-01
3.8600e-01 2.7046e-01
3.8650e-01 2.7161e-01
3.8700e-01 2.7275e-01
3.8750e-01 2.7390e-01
3.8800e-01 2.7505e-01
3.8850e-01 2.7621e-01
3.8900e-01 2.7737e-01
3.8950e-01 2.7853e-01
3.9000e-01 2.7970e-01
3.9050e-01 2.8086e-01
3.9100e-01 2.8203e-01
3.9150e-01 2.8321e-01
3.9200e-01 2.8439e-01
3.9250e-01 2.8557e-01
3.9300e-01 2.8675e-01
3.9350e-01 2.8794e-01
3.9400e-01 2.8913e-01
3.9450e-01 2.9032e-01
3.9500e-01 2.9151e-01
3.9550e-01 2.9271e-01
3.9600e-01 2.9392e-01
3.9650e-01 2.9512e-01
3.9700e-01 2.9633e-01
3.9750e-01 2.9754e-01
3.9800e-01 2.9876e-01
3.9850e-01 2.9997e-01
3.9900e-01 3.0119e-01
3.9950e-01 3.0242e-01
4.0000e-01 3.0364e-01
4.0050e-01 3.0488e-01
4.0100e-01 3.0611e-01
4.0150e-01 3.0735e-01
4.0200e-01 3.0859e-01
4.0250e-01 3.0983e-01
4.0300e-01 3.1107e-01
4.0350e-01 3.1232e-01
4.0400e-01 3.1358e-01
4.0450e-01 3.1483e-01
4.0500e-01 3.1609e-01
4.0550e-01 3.1735e-01
4.0600e-01 3.1862e-01
4.0650e-01 3.1989e-01
4.0700e-01 3.2116e-01
4.0750e-01 3.2243e-01
4.0800e-01 3.2371e-01
4.0850e-01 3.2499e-01
4.0900e-01 3.2628e-01
4.0950e-01 3.2757e-01
4.1000e-01 3.2886e-01
4.1050e-01 3.3015e-01
4.1100e-01 3.3145e-01
4.1150e-01 3.3275e-01
4.1200e-01 3.3405e-01
4.1250e-01 3.3536e-01
4.1300e-01 3.3667e-01
4.1350e-01 3.3798e-01
4.1400e-01 3.3930e-01
4.1450e-01 3.4062e-01
4.1500e-01 3.4195e-01
4.1550e-01 3.4327e-01
4.1600e-01 3.4460e-01
4.1650e-01 3.4594e-01
4.1700e-01 3.4727e-01
4.1750e-01 3.4861e-01
4.1800e-01 3.4996e-01
4.1850e-01 3.5130e-01
4.1900e-01 3.5265e-01
4.1950e-01 3.5401e-01
4.2000e-01 3.5536e-01
4.2050e-01 3.5672e-01
4.2100e-01 3.5808e-01
4.2150e-01 3.5945e-01
4.2200e-01 3.6082e-01
4.2250e-01 3.6219e-01
4.2300e-01 3.6357e-01
4.2350e-01 3.6495e-01
4.2400e-01 3.6633e-01
4.2450e-01 3.6772e-01
4.2500e-01 3.6911e-01
4.2550e-01 3.7050e-01
4.2600e-01 3.7190e-01
4.2650e-01 3.7330e-01
4.2700e-01 3.7470e-01
4.2750e-01 3.7611e-01
4.2800e-01 3.7752e-01
4.2850e-01 3.7893e-01
4.2900e-01 3.8035e-01
4.2950e-01 3.8177e-01
4.3000e-01 3.8319e-01
4.3050e-01 3.8462e-01
4.3100e-01 3.8605e-01
4.3150e-01 3.8749e-01
4.3200e-01 3.8892e-01
4.3250e-01 3.9036e-01
4.3300e-01 3.9181e-01
4.3350e-01 3.9326e-01
4.3400e-01 3.9471e-01
4.3450e-01 3.9616e-01
4.3500e-01 3.9762e-01
4.3550e-01 3.9908e-01
4.3600e-01 4.0054e-01
4.3650e-01 4.0201e-01
4.3700e-01 4.0348e-01
4.3750e-01 4.0496e-01
4.3800e-01 4.0644e-01
4.3850e-01 4.0792e-01
4.3900e-01 4.0941e-01
4.3950e-01 4.1089e-01
4.4000e-01 4.1239e-01
4.4050e-01 4.1388e-01
4.4100e-01 4.1538e-01
4.4150e-01 4.1689e-01
4.4200e-01 4.1839e-01
4.4250e-01 4.1990e-01
4.4300e-01 4.2141e-01
4.4350e-01 4.2293e-01
4.4400e-01 4.2445e-01
4.4450e-01 4.2598e-01
4.4500e-01 4.2750e-01
4.4550e-01 4.2903e-01
4.4600e-01 4.3057e-01
4.4650e-01 4.3211e-01
4.4700e-01 4.3365e-01
4.4750e-01 4.3519e-01
4.4800e-01 4.3674e-01
4.4850e-01 4.3829e-01
4.4900e-01 4.3985e-01
4.4950e-01 4.4141e-01
4.5000e-01 4.4297e-01
4.5050e-01 4.4454e-01
4.5100e-01 4.4611e-01
4.5150e-01 4.4768e-01
4.5200e-01 4.4926e-01
4.5250e-01 4.5084e-01
4.5300e-01 4.5242e-01
4.5350e-01 4.5401e-01
4.5400e-01 4.5560e-01
4.5450e-01 4.5720e-01
4.5500e-01 4.5880e-01
4.5550e-01 4.6040e-01
4.5600e-01 4.6200e-01
4.5650e-01 4.6361e-01
4.5700e-01 4.6523e-01
4.5750e-01 4.6684e-01
4.5800e-01 4.6846e-01
4.5850e-01 4.7009e-01
4.5900e-01 4.7172e-01
4.5950e-01 4.7335e-01
4.6000e-01 4.7498e-01
4.6050e-01 4.7662e-01
4.6100e-01 4.7826e-01
4.6150e-01 4.7991e-01
4.6200e-01 4.8156e-01
4.6250e-01 4.8321e-01
4.6300e-01 4.8487e-01
4.6350e-01 4.8653e-01
4.6400e-01 4.8819e-01
4.6450e-01 4.8986e-01
4.6500e-01 4.9153e-01
4.6550e-01 4.9321e-01
4.6600e-01 4.9489e-01
4.6650e-01 4.9657e-01
4.6700e-01 4.9825e-01
4.6750e-01 4.9994e-01
4.6800e-01 5.0164e-01
4.6850e-01 5.0334e-01
4.6900e-01 5.0504e-01
4.6950e-01 5.0674e-01
4.7000e-01 5.0845e-01
4.7050e-01 5.1016e-01
4.7100e-01 5.1188e-01
4.7150e-01 5.1360e-01
4.7200e-01 5.1532e-01
4.7250e-01 5.1705e-01
4.7300e-01 5.1878e-01
4.7350e-01 5.2051e-01
4.7400e-01 5.2225e-01
4.7450e-01 5.2400e-01
4.7500e-01 5.2574e-01
4.7550e-01 5.2749e-01
4.7600e-01 5.2924e-01
4.7650e-01 5.3100e-01
4.7700e-01 5.3276e-01
4.7750e-01 5.3453e-01
4.7800e-01 5.3630e-01
4.7850e-01 5.3807e-01
4.7900e-01 5.3985e-01
4.7950e-01 5.4163e-01
4.8000e-01 5.4341e-01
4.8050e-01 5.4520e-01
4.8100e-01 5.4699e-01
4.8150e-01 5.4878e-01
4.8200e-01 5.5058e-01
4.8250e-01 5.5239e-01
4.8300e-01 5.5419e-01
4.8350e-01 5.5600e-01
4.8400e-01 5.5782e-01
4.8450e-01 5.5964e-01
4.8500e-01 5.6146e-01
4.8550e-01 5.6328e-01
4.8600e-01 5.6511e-01
4.8650e-01 5.6695e-01
4.8700e-01 5.6879e-01
4.8750e-01 5.7063e-01
4.8800e-01 5.7247e-01
4.8850e-01 5.7432e-01
4.8900e-01 5.7617e-01
4.8950e-01 5.7803e-01
4.9000e-01 5.7989e-01
4.9050e-01 5.8176e-01
4.9100e-01 5.8363e-01
4.9150e-01 5.8550e-01
4.9200e-01 5.8737e-01
4.9250e-01 5.8926e-01
4.9300e-01 5.9114e-01
4.9350e-01 5.9303e-01
4.9400e-01 5.9492e-01
4.9450e-01 5.9682e-01
4.9500e-01 5.9872e-01
4.9550e-01 6.0062e-01
4.9600e-01 6.0253e-01
4.9650e-01 6.0444e-01
4.9700e-01 6.0636e-01
4.9750e-01 6.0827e-01
4.9800e-01 6.1020e-01
4.9850e-01 6.1213e-01
4.9900e-01 6.1406e-01
4.9950e-01 6.1599e-01
5.0000e-01 6.1793e-01
5.0050e-01 6.1988e-01
5.0100e-01 6.2182e-01
5.0150e-01 6.2378e-01
5.0200e-01 6.2573e-01
5.0250e-01 6.2769e-01
5.0300e-01 6.2965e-01
5.0350e-01 6.3162e-01
5.0400e-01 6.3359e-01
5.0450e-01 6.3557e-01
5.0500e-01 6.3755e-01
5.0550e-01 6.3953e-01
5.0600e-01 6.4152e-01
5.0650e-01 6.4351e-01
5.0700e-01 6.4551e-01
5.0750e-01 6.4750e-01
5.0800e-01 6.4951e-01
5.0850e-01 6.5152e-01
5.0900e-01 6.5353e-01
5.0950e-01 6.5554e-01
5.1000e-01 6.5756e-01
5.1050e-01 6.5959e-01
5.1100e-01 6.6161e-01
5.1150e-01 6.6365e-01
5.1200e-01 6.6568e-01
5.1250e-01 6.6772e-01
5.1300e-01 6.6977e-01
5.1350e-01 6.7182e-01
5.1400e-01 6.7387e-01
5.1450e-01 6.7592e-01
5.1500e-01 6.7798e-01
5.1550e-01 6.8005e-01
5.1600e-01 6.8212e-01
5.1650e-01 6.8419e-01
5.1700e-01 6.8627e-01
5.1750e-01 6.8835e-01
5.1800e-01 6.9043e-01
5.1850e-01 6.9252e-01
5.1900e-01 6.9462e-01
5.1950e-01 6.9671e-01
5.2000e-01 6.9882e-01
5.2050e-01 7.0092e-01
5.2100e-01 7.0303e-01
5.2150e-01 7.0515e-01
5.2200e-01 7.0726e-01
5.2250e-01 7.0939e-01
5.2300e-01 7.1151e-01
5.2350e-01 7.1364e-01
5.2400e-01 7.1578e-01
5.2450e-01 7.1792e-01
5.2500e-01 7.2006e-01
5.2550e-01 7.2221e-01
5.2600e-01 7.2436e-01
5.2650e-01 7.2652e-01
5.2700e-01 7.2868e-01
5.2750e-01 7.3084e-01
5.2800e-01 7.3301e-01
5.2850e-01 7.3518e-01
5.2900e-01 7.3736e-01
5.2950e-01 7.3954e-01
5.3000e-01 7.4173e-01
5.3050e-01 7.4392e-01
5.3100e-01 7.4611e-01
5.3150e-01 7.4831e-01
5.3200e-01 7.5051e-01
5.3250e-01 7.5272e-01
5.3300e-01 7.5493e-01
5.3350e-01 7.5714e-01
5.3400e-01 7.5936e-01
5.3450e-01 7.6158e-01
5.3500e-01 7.6381e-01
5.3550e-01 7.6604e-01
5.3600e-01 7.6828e-01
5.3650e-01 7.7052e-01
5.3700e-01 7.7277e-01
5.3750e-01 7.7501e-01
5.3800e-01 7.7727e-01
5.3850e-01 7.7953e-01
5.3900e-01 7.8179e-01
5.3950e-01 7.8405e-01
5.4000e-01 7.8632e-01
5.4050e-01 7.8860e-01
5.4100e-01 7.9088e-01
5.4150e-01 7.9316e-01
5.4200e-01 7.9545e-01
5.4250e-01 7.9774e-01
5.4300e-01 8.0004e-01
5.4350e-01 8.0234e-01
5.4400e-01 8.0464e-01
5.4450e-01 8.0695e-01
5.4500e-01 8.0927e-01
5.4550e-01 8.1159e-01
5.4600e-01 8.1391e-01
5.4650e-01 8.1624e-01
5.4700e-01 8.1857e-01
5.4750e-01 8.2090e-01
5.4800e-01 8.2324e-01
5.4850e-01 8.2559e-01
5.4900e-01 8.2794e-01
5.4950e-01 8.3029e-01
5.5000e-01 8.3265e-01
5.5050e-01 8.3501e-01
5.5100e-01 8.3737e-01
5.5150e-01 8.3975e-01
5.5200e-01 8.4212e-01
5.5250e-01 8.4450e-01
5.5300e-01 8.4688e-01
5.5350e-01 8.4927e-01
5.5400e-01 8.5166e-01
5.5450e-01 8.5406e-01
5.5500e-01 8.5646e-01
5.5550e-01 8.5887e-01
5.5600e-01 8.6128e-01
5.5650e-01 8.6369e-01
5.5700e-01 8.6611e-01
5.5750e-01 8.6854e-01
5.5800e-01 8.7097e-01
5.5850e-01 8.7340e-01
5.5900e-01 8.7584e-01
5.5950e-01 8.7828e-01
5.6000e-01 8.8072e-01
5.6050e-01 8.8317e-01
5.6100e-01 8.8563e-01
5.6150e-01 8.8809e-01
5.6200e-01 8.9055e-01
5.6250e-01 8.9302e-01
5.6300e-01 8.9549e-01
5.6350e-01 8.9797e-01
5.6400e-01 9.0045e-01
5.6450e-01 9.0294e-01
5.6500e-01 9.0543e-01
5.6550e-01 9.0793e-01
5.6600e-01 9.1043e-01
5.6650e-01 9.1293e-01
5.6700e-01 9.1544e-01
5.6750e-01 9.1795e-01
5.6800e-01 9.2047e-01
5.6850e-01 9.2299e-01
5.6900e-01 9.2552e-01
5.6950e-01 9.2805e-01
5.7000e-01 9.3059e-01
5.7050e-01 9.3313e-01
5.7100e-01 9.3567e-01
5.7150e-01 9.3822e-01
5.7200e-01 9.4078e-01
5.7250e-01 9.4334e-01
5.7300e-01 9.4590e-01
5.7350e-01 9.4847e-01
5.7400e-01 9.5104e-01
5.7450e-01 9.5362e-01
5.7500e-01 9.5620e-01
5.7550e-01 9.5879e-01
5.7600e-01 9.6138e-01
5.7650e-01 9.6398e-01
5.7700e-01 9.6658e-01
5.7750e-01 9.6918e-01
5.7800e-01 9.7179e-01
5.7850e-01 9.7441e-01
5.7900e-01 9.7702e-01
5.7950e-01 9.7965e-01
5.8000e-01 9.8228e-01
5.8050e-01 9.8491e-01
5.8100e-01 9.8755e-01
5.8150e-01 9.9019e-01
5.8200e-01 9.9284e-01
5.8250e-01 9.9549e-01
5.8300e-01 9.9814e-01
5.8350e-01 1.0008e+00
5.8400e-01 1.0035e+00
5.8450e-01 1.0061e+00
5.8500e-01 1.0088e+00
5.8550e-01 1.0115e+00
5.8600e-01 1.0142e+00
5.8650e-01 1.0169e+00
5.8700e-01 1.0196e+00
5.8750e-01 1.0223e+00
5.8800e-01 1.0250e+00
5.8850e-01 1.0277e+00
5.8900e-01 1.0304e+00
5.8950e-01 1.0331e+00
5.9000e-01 1.0358e+00
5.9050e-01 1.0385e+00
5.9100e-01 1.0413e+00
5.9150e-01 1.0440e+00
5.9200e-01 1.0468e+00
5.9250e-01 1.0495e+00
5.9300e-01 1.0522e+00
5.9350e-01 1.0550e+00
5.9400e-01 1.0578e+00
5.9450e-01 1.0605e+00
5.9500e-01 1.0633e+00
5.9550e-01 1.0661e+00
5.9600e-01 1.0688e+00
5.9650e-01 1.0716e+00
5.9700e-01 1.0744e+00
5.9750e-01 1.0772e+00
5.9800e-01 1.0800e+00
5.9850e-01 1.0828e+00
5.9900e-01 1.0856e+00
5.9950e-01 1.0884e+00
6.0000e-01 1.0912e+00
6.0050e-01 1.0941e+00
6.0100e-01 1.0969e+00
6.0150e-01 1.0997e+00
6.0200e-01 1.1026e+00
6.0250e-01 1.1054e+00
6.0300e-01 1.1083e+00
6.0350e-01 1.1111e+00
6.0400e-01 1.1140e+00
6.0450e-01 1.1168e+00
6.0500e-01 1.1197e+00
6.0550e-01 1.1226e+00
6.0600e-01 1.1254e+00
6.0650e-01 1.1283e+00
6.0700e-01 1.1312e+00
6.0750e-01 1.1341e+00
6.0800e-01 1.1370e+00
6.0850e-01 1.1399e+00
6.0900e-01 1.1428e+00
6.0950e-01 1.1457e+00
6.1000e-01 1.1486e+00
6.1050e-01 1.1515e+00
6.1100e-01 1.1544e+00
6.1150e-01 1.1574e+00
6.1200e-01 1.1603e+00
6.1250e-01 1.1632e+00
6.1300e-01 1.1662e+00
6.1350e-01 1.1691e+00
6.1400e-01 1.1721e+00
6.1450e-01 1.1750e+00
6.1500e-01 1.1780e+00
6.1550e-01 1.1810e+00
6.1600e-01 1.1839e+00
6.1650e-01 1.1869e+00
6.1700e-01 1.1899e+00
6.1750e-01 1.1929e+00
6.1800e-01 1.1959e+00
6.1850e-01 1.1989e+00
6.1900e-01 1.2019e+00
6.1950e-01 1.2049e+00
6.2000e-01 1.2079e+00
6.2050e-01 1.2109e+00
6.2100e-01 1.2139e+00
6.2150e-01 1.2170e+00
6.2200e-01 1.2200e+00
6.2250e-01 1.2230e+00
6.2300e-01 1.2261e+00
6.2350e-01 1.2291e+00
6.2400e-01 1.2322e+00
6.2450e-01 1.2352e+00
6.2500e-01 1.2383e+00
6.2550e-01 1.2414e+00
6.2600e-01 1.2444e+00
6.2650e-01 1.2475e+00
6.2700e-01 1.2506e+00
6.2750e-01 1.2537e+00
6.2800e-01 1.2568e+00
6.2850e-01 1.2599e+00
6.2900e-01 1.2630e+00
6.2950e-01 1.2661e+00
6.3000e-01 1.2692e+00
6.3050e-01 1.2723e+00
6.3100e-01 1.2754e+00
6.3150e-01 1.2786e+00
6.3200e-01 1.2817e+00
6.3250e-01 1.2848e+00
6.3300e-01 1.2880e+00
6.3350e-01 1.2911e+00
6.3400e-01 1.2943e+00
6.3450e-01 1.2974e+00
6.3500e-01 1.3006e+00
6.3550e-01 1.3038e+00
6.3600e-01 1.3069e+00
6.3650e-01 1.3101e+00
6.3700e-01 1.3133e+00
6.3750e-01 1.3165e+00
6.3800e-01 1.3197e+00
6.3850e-01 1.3229e+00
6.3900e-01 1.3261e+00
6.3950e-01 1.3293e+00
6.4000e-01 1.3325e+00
6.4050e-01 1.3357e+00
6.4100e-01 1.3390e+00
6.4150e-01 1.3422e+00
6.4200e-01 1.3454e+00
6.4250e-01 1.3487e+00
6.4300e-01 1.3519e+00
6.4350e-01 1.3552e+00
6.4400e-01 1.3584e+00
6.4450e-01 1.3617e+00
6.4500e-01 1.3649e+00
6.4550e-01 1.3682e+00
6.4600e-01 1.3715e+00
6.4650e-01 1.3748e+00
6.4700e-01 1.3781e+00
6.4750e-01 1.3813e+00
6.4800e-01 1.3846e+00
6.4850e-01 1.3879e+00
6.4900e-01 1.3913e+00
6.4950e-01 1.3946e+00
6.5000e-01 1.3979e+00
6.5050e-01 1.4012e+00
6.5100e-01 1.4045e+00
6.5150e-01 1.4079e+00
6.5200e-01 1.4112e+00
6.5250e-01 1.4146e+00
6.5300e-01 1.4179e+00
6.5350e-01 1.4213e+00
6.5400e-01 1.4246e+00
6.5450e-01 1.4280e+00
6.5500e-01 1.4314e+00
6.5550e-01 1.4347e+00
6.5600e-01 1.4381e+00
6.5650e-01 1.4415e+00
6.5700e-01 1.4449e+00
6.5750e-01 1.4483e+00
6.5800e-01 1.4517e+00
6.5850e-01 1.4551e+00
6.5900e-01 1.4585e+00
6.5950e-01 1.4619e+00
6.6000e-01 1.4653e+00
6.6050e-01 1.4688e+00
6.6100e-01 1.4722e+00
6.6150e-01 1.4756e+00
6.6200e-01 1.4791e+00
6.6250e-01 1.4825e+00
6.6300e-01 1.4860e+00
6.6350e-01 1.4895e+00
6.6400e-01 1.4929e+00
6.6450e-01 1.4964e+00
6.6500e-01 1.4999e+00
6.6550e-01 1.5033e+00
6.6600e-01 1.5068e+00
6.6650e-01 1.5103e+00
6.6700e-01 1.5138e+00
6.6750e-01 1.5173e+00
6.6800e-01 1.5208e+00
6.6850e-01 1.5243e+00
6.6900e-01 1.5279e+00
6.6950e-01 1.5314e+00
6.7000e-01 1.5349e+00
6.7050e-01 1.5385e+00
6.7100e-01 1.5420e+00
6.7150e-01 1.5455e+00
6.7200e-01 1.5491e+00
6.7250e-01 1.5527e+00
6.7300e-01 1.5562e+00
6.7350e-01 1.5598e+00
6.7400e-01 1.5634e+00
6.7450e-01 1.5669e+00
6.7500e-01 1.5705e+00
6.7550e-01 1.5741e+00
6.7600e-01 1.5777e+00
6.7650e-01 1.5813e+00
6.7700e-01 1.5849e+00
6.7750e-01 1.5885e+00
6.7800e-01 1.5921e+00
6.7850e-01 1.5958e+00
6.7900e-01 1.5994e+00
6.7950e-01 1.6030e+00
6.8000e-01 1.6067e+00
6.8050e-01 1.6103e+00
6.8100e-01 1.6139e+00
6.8150e-01 1.6176e+00
6.8200e-01 1.6213e+00
6.8250e-01 1.6249e+00
6.8300e-01 1.6286e+00
6.8350e-01 1.6323e+00
6.8400e-01 1.6360e+00
6.8450e-01 1.6396e+00
6.8500e-01 1.6433e+00
6.8550e-01 1.6470e+00
6.8600e-01 1.6507e+00
6.8650e-01 1.6544e+00
6.8700e-01 1.6582e+00
6.8750e-01 1.6619e+00
6.8800e-01 1.6656e+00
6.8850e-01 1.6693e+00
6.8900e-01 1.6731e+00
6.8950e-01 1.6768e+00
6.9000e-01 1.6806e+00
6.9050e-01 1.6843e+00
6.9100e-01 1.6881e+00
6.9150e-01 1.6918e+00
6.9200e-01 1.6956e+00
6.9250e-01 1.6994e+00
6.9300e-01 1.7032e+00
6.9350e-01 1.7070e+00
6.9400e-01 1.7108e+00
6.9450e-01 1.7146e+00
6.9500e-01 1.7184e+00
6.9550e-01 1.7222e+00
6.9600e-01 1.7260e+00
6.9650e-01 1.7298e+00
6.9700e-01 1.7336e+00
6.9750e-01 1.7375e+00
6.9800e-01 1.7413e+00
6.9850e-01 1.7451e+00
6.9900e-01 1.7490e+00
6.9950e-01 1.7528e+00
7.0000e-01 1.7567e+00
7.0050e-01 1.7606e+00
7.0100e-01 1.7644e+00
7.0150e-01 1.7683e+00
7.0200e-01 1.7722e+00
7.0250e-01 1.7761e+00
7.0300e-01 1.7800e+00
7.0350e-01 1.7839e+00
7.0400e-01 1.7878e+00
7.0450e-01 1.7917e+00
7.0500e-01 1.7956e+00
7.0550e-01 1.7995e+00
7.0600e-01 1.8035e+00
7.0650e-01 1.8074e+00
7.0700e-01 1.8113e+00
7.0750e-01 1.8153e+00
7.0800e-01 1.8192e+00
7.0850e-01 1.8232e+00
7.0900e-01 1.8272e+00
7.0950e-01 1.8311e+00
7.1000e-01 1.8351e+00
7.1050e-01 1.8391e+00
7.1100e-01 1.8431e+00
7.1150e-01 1.8471e+00
7.1200e-01 1.8511e+00
7.1250e-01 1.8551e+00
7.1300e-01 1.8591e+00
7.1350e-01 1.8631e+00
7.1400e-01 1.8671e+00
7.1450e-01 1.8711e+00
7.1500e-01 1.8752e+00
7.1550e-01 1.8792e+00
7.1600e-01 1.8832e+00
7.1650e-01 1.8873e+00
7.1700e-01 1.8913e+00
7.1750e-01 1.8954e+00
7.1800e-01 1.8995e+00
7.1850e-01 1.9035e+00
7.1900e-01 1.9076e+00
7.1950e-01 1.9117e+00
7.2000e-01 1.9158e+00
7.2050e-01 1.9199e+00
7.2100e-01 1.9240e+00
7.2150e-01 1.9281e+00
7.2200e-01 1.9322e+00
7.2250e-01 1.9363e+00
7.2300e-01 1.9404e+00
7.2350e-01 1.9446e+00
7.2400e-01 1.9487e+00
7.2450e-01 1.9528e+00
7.2500e-01 1.9570e+00
7.2550e-01 1.9611e+00
7.2600e-01 1.9653e+00
7.2650e-01 1.9695e+00
7.2700e-01 1.9736e+00
7.2750e-01 1.9778e+00
7.2800e-01 1.9820e+00
7.2850e-01 1.9862e+00
7.2900e-01 1.9904e+00
7.2950e-01 1.9946e+00
7.3000e-01 1.9988e+00
7.3050e-01 2.0030e+00
7.3100e-01 2.0072e+00
7.3150e-01 2.0114e+00
7.3200e-01 2.0157e+00
7.3250e-01 2.0199e+00
7.3300e-01 2.0241e+00
7.3350e-01 2.0284e+00
7.3400e-01 2.0326e+00
7.3450e-01 2.0369e+00
7.3500e-01 2.0412e+00
7.3550e-01 2.0454e+00
7.3600e-01 2.0497e+00
7.3650e-01 2.0540e+00
7.3700e-01 2.0583e+00
7.3750e-01 2.0626e+00
7.3800e-01 2.0669e+00
7.3850e-01 2.0712e+00
7.3900e-01 2.0755e+00
7.3950e-01 2.0798e+00
7.4000e-01 2.0841e+00
7.4050e-01 2.0885e+00
7.4100e-01 2.0928e+00
7.4150e-01 2.0971e+00
7.4200e-01 2.1015e+00
7.4250e-01 2.1058e+00
7.4300e-01 2.1102e+00
7.4350e-01 2.1146e+00
7.4400e-01 2.1189e+00
7.4450e-01 2.1233e+00
7.4500e-01 2.1277e+00
7.4550e-01 2.1321e+00
7.4600e-01 2.1365e+00
7.4650e-01 2.1409e+00
7.4700e-01 2.1453e+00
7.4750e-01 2.1497e+00
7.4800e-01 2.1541e+00
7.4850e-01 2.1586e+00
7.4900e-01 2.1630e+00
7.4950e-01 2.1674e+00
7.5000e-01 2.1719e+00
7.5050e-01 2.1763e+00
7.5100e-01 2.1808e+00
7.5150e-01 2.1852e+00
7.5200e-01 2.1897e+00
7.5250e-01 2.1942e+00
7.5300e-01 2.1987e+00
7.5350e-01 2.2032e+00
7.5400e-01 2.2076e+00
7.5450e-01 2.2121e+00
7.5500e-01 2.2166e+00
7.5550e-01 2.2212e+00
7.5600e-01 2.2257e+00
7.5650e-01 2.2302e+00
7.5700e-01 2.2347e+00
7.5750e-01 2.2393e+00
7.5800e-01 2.2438e+00
7.5850e-01 2.2484e+00
7.5900e-01 2.2529e+00
7.5950e-01 2.2575e+00
7.6000e-01 2.2620e+00
7.6050e-01 2.2666e+00
7.6100e-01 2.2712e+00
7.6150e-01 2.2758e+00
7.6200e-01 2.2804e+00
7.6250e-01 2.2850e+00
7.6300e-01 2.2896e+00
7.6350e-01 2.2942e+00
7.6400e-01 2.2988e+00
7.6450e-01 2.3034e+00
7.6500e-01 2.3080e+00
7.6550e-01 2.3127e+00
7.6600e-01 2.3173e+00
7.6650e-01 2.3220e+00
7.6700e-01 2.3266e+00
7.6750e-01 2.3313e+00
7.6800e-01 2.3359e+00
7.6850e-01 2.3406e+00
7.6900e-01 2.3453e+00
7.6950e-01 2.3500e+00
7.7000e-01 2.3546e+00
7.7050e-01 2.3593e+00
7.7100e-01 2.3640e+00
7.7150e-01 2.3688e+00
7.7200e-01 2.3735e+00
7.7250e-01 2.3782e+00
7.7300e-01 2.3829e+00
7.7350e-01 2.3876e+00
7.7400e-01 2.3924e+00
7.7450e-01 2.3971e+00
7.7500e-01 2.4019e+00
7.7550e-01 2.4066e+00
7.7600e-01 2.4114e+00
7.7650e-01 2.4162e+00
7.7700e-01 2.4210e+00
7.7750e-01 2.4257e+00
7.7800e-01 2.4305e+00
7.7850e-01 2.4353e+00
7.7900e-01 2.4401e+00
7.7950e-01 2.4449e+00
7.8000e-01 2.4497e+00
7.8050e-01 2.4546e+00
7.8100e-01 2.4594e+00
7.8150e-01 2.4642e+00
7.8200e-01 2.4691e+00
7.8250e-01 2.4739e+00
7.8300e-01 2.4788e+00
7.8350e-01 2.4836e+00
7.8400e-01 2.4885e+00
7.8450e-01 2.4934e+00
7.8500e-01 2.4982e+00
7.8550e-01 2.5031e+00
7.8600e-01 2.5080e+00
7.8650e-01 2.5129e+00
7.8700e-01 2.5178e+00
7.8750e-01 2.5227e+00
7.8800e-01 2.5276e+00
7.8850e-01 2.5326e+00
7.8900e-01 2.5375e+00
7.8950e-01 2.5424e+00
7.9000e-01 2.5474e+00
7.9050e-01 2.5523e+00
7.9100e-01 2.5573e+00
7.9150e-01 2.5622e+00
7.9200e-01 2.5672e+00
7.9250e-01 2.5722e+00
7.9300e-01 2.5772e+00
7.9350e-01 2.5821e+00
7.9400e-01 2.5871e+00
7.9450e-01 2.5921e+00
7.9500e-01 2.5971e+00
7.9550e-01 2.6021e+00
7.9600e-01 2.6072e+00
7.9650e-01 2.6122e+00
7.9700e-01 2.6172e+00
7.9750e-01 2.6223e+00
7.9800e-01 2.6273e+00
7.9850e-01 2.6324e+00
7.9900e-01 2.6374e+00
7.9950e-01 2.6425e+00
8.0000e-01 2.6475e+00
